[1] 13
[1] 16
[1] 0.3555356
[1] "TRUE"
[1] 13
[1] 18
[1] 0.2365648
[1] "TRUE"
[1] 9
[1] 12
[1] 0.3318119
[1] "TRUE"
[1] 24
[1] 28
[1] 0.3389043
[1] "TRUE"
[1] 15
[1] 18
[1] 0.3641662
[1] "TRUE"
[1] 18
[1] 21
[1] 0.3746293
[1] "TRUE"
[1] 13
[1] 16
[1] 0.3555356
[1] "TRUE"
[1] 16
[1] 19
[1] 0.3679394
[1] "TRUE"
[1] 12
[1] 15
[1] 0.350554
[1] "TRUE"
[1] 25
[1] 29
[1] 0.3417446
[1] "TRUE"
[1] 18
[1] 23
[1] 0.2663546
[1] "TRUE"
[1] 14
[1] 17
[1] 0.3600501
[1] "TRUE"
[1] 10
[1] 18
[1] 0.09246667
[1] "TRUE"
[1] 19
[1] 23
[1] 0.3219845
[1] "TRUE"
[1] 13
[1] 17
[1] 0.2923324
[1] "TRUE"
[1] 16
[1] 21
[1] 0.2556879
[1] "TRUE"
[1] 17
[1] 23
[1] 0.2147953
[1] "TRUE"
[1] 19
[1] 24
[1] 0.271192
[1] "TRUE"
[1] 29
[1] 35
[1] 0.2661544
[1] "TRUE"
[1] 16
[1] 21
[1] 0.2556879
[1] "TRUE"
[1] 15
[1] 19
[1] 0.3037957
[1] "TRUE"
[1] 11
[1] 14
[1] 0.345019
[1] "TRUE"
[1] 15
[1] 19
[1] 0.3037957
[1] "TRUE"
[1] 12
[1] 15
[1] 0.350554
[1] "TRUE"
[1] 15
[1] 18
[1] 0.3641662
[1] "TRUE"
[1] 28
[1] 34
[1] 0.2628867
[1] "TRUE"
[1] 15
[1] 18
[1] 0.3641662
[1] "TRUE"
[1] 14
[1] 18
[1] 0.2983074
[1] "TRUE"
[1] 17
[1] 20
[1] 0.3714147
[1] "TRUE"
[1] 15
[1] 19
[1] 0.3037957
[1] "TRUE"
[1] 24
[1] 30
[1] 0.2483087
[1] "TRUE"
[1] 24
[1] 29
[1] 0.2915661
[1] "TRUE"
[1] 19
[1] 24
[1] 0.271192
[1] "TRUE"
[1] 16
[1] 19
[1] 0.3679394
[1] "TRUE"
[1] 17
[1] 20
[1] 0.3714147
[1] "TRUE"
[1] 25
[1] 29
[1] 0.3417446
[1] "TRUE"
[1] 28
[1] 33
[1] 0.3044604
[1] "TRUE"
[1] 13
[1] 16
[1] 0.3555356
[1] "TRUE"
[1] 22
[1] 26
[1] 0.3327329
[1] "TRUE"
[1] 27
[1] 31
[1] 0.347002
[1] "TRUE"
[1] 13
[1] 16
[1] 0.3555356
[1] "TRUE"
[1] 15
[1] 18
[1] 0.3641662
[1] "TRUE"
[1] 29
[1] 33
[1] 0.3517683
[1] "TRUE"
[1] 27
[1] 31
[1] 0.347002
[1] "TRUE"
[1] 26
[1] 30
[1] 0.3444399
[1] "TRUE"
[1] 27
[1] 31
[1] 0.347002
[1] "TRUE"
[1] 12
[1] 15
[1] 0.350554
[1] "TRUE"
[1] 12
[1] 15
[1] 0.350554
[1] "TRUE"
[1] 18
[1] 22
[1] 0.317914
[1] "TRUE"
[1] 15
[1] 18
[1] 0.3641662
[1] "TRUE"
[1] 23
[1] 27
[1] 0.3359055
[1] "TRUE"
[1] 14
[1] 17
[1] 0.3600501
[1] "TRUE"
[1] 19
[1] 22
[1] 0.3776143
[1] "TRUE"
[1] 10
[1] 14
[1] 0.2706281
[1] "TRUE"
[1] 16
[1] 19
[1] 0.3679394
[1] "TRUE"
[1] 16
[1] 19
[1] 0.3679394
[1] "TRUE"
[1] 10
[1] 13
[1] 0.3388197
[1] "TRUE"
[1] 20
[1] 24
[1] 0.3257939
[1] "TRUE"
[1] 16
[1] 20
[1] 0.3088597
[1] "TRUE"
[1] 14
[1] 17
[1] 0.3600501
[1] "TRUE"
[1] 23
[1] 27
[1] 0.3359055
[1] "TRUE"
[1] 13
[1] 16
[1] 0.3555356
[1] "TRUE"
[1] 31
[1] 36
[1] 0.3127034
[1] "TRUE"
[1] 10
[1] 13
[1] 0.3388197
[1] "TRUE"
[1] 18
[1] 22
[1] 0.317914
[1] "TRUE"
[1] 31
[1] 37
[1] 0.2723061
[1] "TRUE"
[1] 19
[1] 23
[1] 0.3219845
[1] "TRUE"
[1] 22
[1] 26
[1] 0.3327329
[1] "TRUE"
[1] 15
[1] 18
[1] 0.3641662
[1] "TRUE"
[1] 10
[1] 13
[1] 0.3388197
[1] "TRUE"
[1] 17
[1] 21
[1] 0.3135513
[1] "TRUE"
[1] 13
[1] 16
[1] 0.3555356
[1] "TRUE"
[1] 14
[1] 18
[1] 0.2983074
[1] "TRUE"
[1] 14
[1] 17
[1] 0.3600501
[1] "TRUE"
[1] 20
[1] 24
[1] 0.3257939
[1] "TRUE"
[1] 12
[1] 15
[1] 0.350554
[1] "TRUE"
[1] 12
[1] 15
[1] 0.350554
[1] "TRUE"
[1] 12
[1] 15
[1] 0.350554
[1] "TRUE"
[1] 15
[1] 18
[1] 0.3641662
[1] "TRUE"
[1] 17
[1] 20
[1] 0.3714147
[1] "TRUE"
[1] 12
[1] 15
[1] 0.350554
[1] "TRUE"
[1] 14
[1] 18
[1] 0.2983074
[1] "TRUE"
[1] 11
[1] 14
[1] 0.345019
[1] "TRUE"
[1] 10
[1] 13
[1] 0.3388197
[1] "TRUE"
[1] 11
[1] 14
[1] 0.345019
[1] "TRUE"
[1] 11
[1] 14
[1] 0.345019
[1] "TRUE"
[1] 16
[1] 19
[1] 0.3679394
[1] "TRUE"
[1] 16
[1] 20
[1] 0.3088597
[1] "TRUE"
[1] 18
[1] 21
[1] 0.3746293
[1] "TRUE"
[1] 19
[1] 22
[1] 0.3776143
[1] "TRUE"
[1] 16
[1] 19
[1] 0.3679394
[1] "TRUE"
[1] 23
[1] 27
[1] 0.3359055
[1] "TRUE"
[1] 28
[1] 32
[1] 0.3494417
[1] "TRUE"
[1] 13
[1] 16
[1] 0.3555356
[1] "TRUE"
[1] 16
[1] 20
[1] 0.3088597
[1] "TRUE"
[1] 17
[1] 20
[1] 0.3714147
[1] "TRUE"
[1] 15
[1] 18
[1] 0.3641662
[1] "TRUE"
[1] 15
[1] 19
[1] 0.3037957
[1] "TRUE"
[1] 17
[1] 20
[1] 0.3714147
[1] "TRUE"
[1] 15
[1] 18
[1] 0.3641662
[1] "TRUE"
[1] 12
[1] 16
[1] 0.2857941
[1] "TRUE"
[1] 13
[1] 16
[1] 0.3555356
[1] "TRUE"
[1] 12
[1] 16
[1] 0.2857941
[1] "TRUE"
[1] 22
[1] 33
[1] 0.08850068
[1] "TRUE"
[1] 9
[1] 12
[1] 0.3318119
[1] "TRUE"
[1] 29
[1] 34
[1] 0.3073275
[1] "TRUE"
[1] 17
[1] 22
[1] 0.2611987
[1] "TRUE"
[1] 19
[1] 25
[1] 0.2256904
[1] "TRUE"
[1] 21
[1] 26
[1] 0.2800323
[1] "TRUE"
[1] 19
[1] 24
[1] 0.271192
[1] "TRUE"
[1] 16
[1] 19
[1] 0.3679394
[1] "TRUE"
[1] 17
[1] 21
[1] 0.3135513
[1] "TRUE"
[1] 18
[1] 22
[1] 0.317914
[1] "TRUE"
[1] 22
[1] 26
[1] 0.3327329
[1] "TRUE"
[1] 20
[1] 25
[1] 0.2757422
[1] "TRUE"
[1] 12
[1] 15
[1] 0.350554
[1] "TRUE"
[1] 18
[1] 23
[1] 0.2663546
[1] "TRUE"
[1] 16
[1] 19
[1] 0.3679394
[1] "TRUE"
[1] 14
[1] 17
[1] 0.3600501
[1] "TRUE"
[1] 14
[1] 19
[1] 0.2434251
[1] "TRUE"
[1] 17
[1] 20
[1] 0.3714147
[1] "TRUE"
[1] 23
[1] 28
[1] 0.2879247
[1] "TRUE"
[1] 19
[1] 24
[1] 0.271192
[1] "TRUE"
[1] 18
[1] 22
[1] 0.317914
[1] "TRUE"
[1] 18
[1] 21
[1] 0.3746293
[1] "TRUE"
[1] 22
[1] 26
[1] 0.3327329
[1] "TRUE"
[1] 16
[1] 19
[1] 0.3679394
[1] "TRUE"
[1] 26
[1] 30
[1] 0.3444399
[1] "TRUE"
[1] 22
[1] 29
[1] 0.200531
[1] "TRUE"
[1] 22
[1] 29
[1] 0.200531
[1] "TRUE"
[1] 21
[1] 27
[1] 0.2354395
[1] "TRUE"
[1] 19
[1] 23
[1] 0.3219845
[1] "TRUE"
[1] 11
[1] 14
[1] 0.345019
[1] "TRUE"
[1] 15
[1] 18
[1] 0.3641662
[1] "TRUE"
[1] 15
[1] 18
[1] 0.3641662
[1] "TRUE"
[1] 26
[1] 30
[1] 0.3444399
[1] "TRUE"
[1] 11
[1] 14
[1] 0.345019
[1] "TRUE"
[1] 26
[1] 33
[1] 0.2174964
[1] "TRUE"
[1] 24
[1] 27
[1] 0.389884
[1] "TRUE"
[1] 17
[1] 21
[1] 0.3135513
[1] "TRUE"
[1] 24
[1] 30
[1] 0.2483087
[1] "TRUE"
[1] 14
[1] 17
[1] 0.3600501
[1] "TRUE"
[1] 26
[1] 31
[1] 0.2983209
[1] "TRUE"
[1] 20
[1] 24
[1] 0.3257939
[1] "TRUE"
[1] 14
[1] 18
[1] 0.2983074
[1] "TRUE"
[1] 22
[1] 26
[1] 0.3327329
[1] "TRUE"
[1] 15
[1] 18
[1] 0.3641662
[1] "TRUE"
[1] 23
[1] 27
[1] 0.3359055
[1] "TRUE"
[1] 17
[1] 20
[1] 0.3714147
[1] "TRUE"
[1] 21
[1] 24
[1] 0.3829959
[1] "TRUE"
[1] 11
[1] 14
[1] 0.345019
[1] "TRUE"
[1] 22
[1] 26
[1] 0.3327329
[1] "TRUE"
[1] 27
[1] 31
[1] 0.347002
[1] "TRUE"
[1] 12
[1] 15
[1] 0.350554
[1] "TRUE"
[1] 12
[1] 15
[1] 0.350554
[1] "TRUE"
[1] 12
[1] 16
[1] 0.2857941
[1] "TRUE"
[1] 13
[1] 16
[1] 0.3555356
[1] "TRUE"
[1] 15
[1] 18
[1] 0.3641662
[1] "TRUE"
[1] 16
[1] 19
[1] 0.3679394
[1] "TRUE"
[1] 12
[1] 15
[1] 0.350554
[1] "TRUE"
[1] 13
[1] 16
[1] 0.3555356
[1] "TRUE"
[1] 14
[1] 17
[1] 0.3600501
[1] "TRUE"
[1] 22
[1] 26
[1] 0.3327329
[1] "TRUE"
[1] 21
[1] 26
[1] 0.2800323
[1] "TRUE"
[1] 31
[1] 36
[1] 0.3127034
[1] "TRUE"
[1] 21
[1] 27
[1] 0.2354395
[1] "TRUE"
[1] 23
[1] 27
[1] 0.3359055
[1] "TRUE"
[1] 22
[1] 27
[1] 0.2840862
[1] "TRUE"
[1] 21
[1] 25
[1] 0.329369
[1] "TRUE"
[1] 17
[1] 21
[1] 0.3135513
[1] "TRUE"
[1] 22
[1] 26
[1] 0.3327329
[1] "TRUE"
[1] 17
[1] 21
[1] 0.3135513
[1] "TRUE"
[1] 20
[1] 24
[1] 0.3257939
[1] "TRUE"
[1] 18
[1] 22
[1] 0.317914
[1] "TRUE"
[1] 15
[1] 18
[1] 0.3641662
[1] "TRUE"
[1] 29
[1] 36
[1] 0.2285104
[1] "TRUE"
[1] 16
[1] 19
[1] 0.3679394
[1] "TRUE"
[1] 11
[1] 14
[1] 0.345019
[1] "TRUE"
[1] 14
[1] 17
[1] 0.3600501
[1] "TRUE"
[1] 25
[1] 29
[1] 0.3417446
[1] "TRUE"
[1] 15
[1] 18
[1] 0.3641662
[1] "TRUE"
[1] 24
[1] 28
[1] 0.3389043
[1] "TRUE"
[1] 18
[1] 22
[1] 0.317914
[1] "TRUE"
[1] 24
[1] 28
[1] 0.3389043
[1] "TRUE"
[1] 13
[1] 16
[1] 0.3555356
[1] "TRUE"
[1] 16
[1] 19
[1] 0.3679394
[1] "TRUE"
[1] 18
[1] 22
[1] 0.317914
[1] "TRUE"
[1] 24
[1] 28
[1] 0.3389043
[1] "TRUE"
[1] 19
[1] 24
[1] 0.271192
[1] "TRUE"
[1] 22
[1] 26
[1] 0.3327329
[1] "TRUE"
[1] 14
[1] 17
[1] 0.3600501
[1] "TRUE"
[1] 12
[1] 15
[1] 0.350554
[1] "TRUE"
[1] 13
[1] 16
[1] 0.3555356
[1] "TRUE"
[1] 13
[1] 16
[1] 0.3555356
[1] "TRUE"
[1] 10
[1] 13
[1] 0.3388197
[1] "TRUE"
[1] 11
[1] 14
[1] 0.345019
[1] "TRUE"
[1] 15
[1] 18
[1] 0.3641662
[1] "TRUE"
[1] 12
[1] 17
[1] 0.2291292
[1] "TRUE"
[1] 14
[1] 17
[1] 0.3600501
[1] "TRUE"
[1] 13
[1] 16
[1] 0.3555356
[1] "TRUE"
[1] 16
[1] 19
[1] 0.3679394
[1] "TRUE"
[1] 16
[1] 19
[1] 0.3679394
[1] "TRUE"
[1] 13
[1] 16
[1] 0.3555356
[1] "TRUE"
[1] 14
[1] 17
[1] 0.3600501
[1] "TRUE"
[1] 14
[1] 18
[1] 0.2983074
[1] "TRUE"
[1] 16
[1] 20
[1] 0.3088597
[1] "TRUE"
[1] 25
[1] 30
[1] 0.2950267
[1] "TRUE"
[1] 27
[1] 31
[1] 0.347002
[1] "TRUE"
[1] 18
[1] 21
[1] 0.3746293
[1] "TRUE"
[1] 26
[1] 31
[1] 0.2983209
[1] "TRUE"
[1] 19
[1] 23
[1] 0.3219845
[1] "TRUE"
[1] 22
[1] 26
[1] 0.3327329
[1] "TRUE"
[1] 22
[1] 25
[1] 0.3854335
[1] "TRUE"
[1] 20
[1] 24
[1] 0.3257939
[1] "TRUE"
[1] 28
[1] 33
[1] 0.3044604
[1] "TRUE"
[1] 29
[1] 33
[1] 0.3517683
[1] "TRUE"
[1] 14
[1] 18
[1] 0.2983074
[1] "TRUE"
[1] 15
[1] 19
[1] 0.3037957
[1] "TRUE"
[1] 14
[1] 17
[1] 0.3600501
[1] "TRUE"
[1] 9
[1] 12
[1] 0.3318119
[1] "TRUE"
[1] 19
[1] 22
[1] 0.3776143
[1] "TRUE"
[1] 9
[1] 12
[1] 0.3318119
[1] "TRUE"
[1] 9
[1] 12
[1] 0.3318119
[1] "TRUE"
[1] 29
[1] 33
[1] 0.3517683
[1] "TRUE"
[1] 12
[1] 15
[1] 0.350554
[1] "TRUE"
[1] 16
[1] 19
[1] 0.3679394
[1] "TRUE"
[1] 14
[1] 17
[1] 0.3600501
[1] "TRUE"
[1] 24
[1] 28
[1] 0.3389043
[1] "TRUE"
[1] 14
[1] 17
[1] 0.3600501
[1] "TRUE"
[1] 13
[1] 17
[1] 0.2923324
[1] "TRUE"
[1] 11
[1] 14
[1] 0.345019
[1] "TRUE"
[1] 19
[1] 23
[1] 0.3219845
[1] "TRUE"
[1] 19
[1] 22
[1] 0.3776143
[1] "TRUE"
[1] 25
[1] 29
[1] 0.3417446
[1] "TRUE"
[1] 15
[1] 21
[1] 0.2025161
[1] "TRUE"
[1] 22
[1] 26
[1] 0.3327329
[1] "TRUE"
[1] 17
[1] 21
[1] 0.3135513
[1] "TRUE"
[1] 18
[1] 22
[1] 0.317914
[1] "TRUE"
[1] 21
[1] 24
[1] 0.3829959
[1] "TRUE"
[1] 18
[1] 22
[1] 0.317914
[1] "TRUE"
[1] 14
[1] 17
[1] 0.3600501
[1] "TRUE"
[1] 27
[1] 31
[1] 0.347002
[1] "TRUE"
[1] 15
[1] 18
[1] 0.3641662
[1] "TRUE"
[1] 13
[1] 16
[1] 0.3555356
[1] "TRUE"
[1] 16
[1] 19
[1] 0.3679394
[1] "TRUE"
[1] 24
[1] 29
[1] 0.2915661
[1] "TRUE"
[1] 13
[1] 16
[1] 0.3555356
[1] "TRUE"
[1] 20
[1] 23
[1] 0.3803958
[1] "TRUE"
[1] 15
[1] 18
[1] 0.3641662
[1] "TRUE"
[1] 29
[1] 34
[1] 0.3073275
[1] "TRUE"
[1] 14
[1] 17
[1] 0.3600501
[1] "TRUE"
[1] 12
[1] 15
[1] 0.350554
[1] "TRUE"
[1] 17
[1] 20
[1] 0.3714147
[1] "TRUE"
[1] 17
[1] 21
[1] 0.3135513
[1] "TRUE"
[1] 17
[1] 21
[1] 0.3135513
[1] "TRUE"
[1] 25
[1] 29
[1] 0.3417446
[1] "TRUE"
[1] 12
[1] 15
[1] 0.350554
[1] "TRUE"
[1] 17
[1] 21
[1] 0.3135513
[1] "TRUE"
[1] 17
[1] 21
[1] 0.3135513
[1] "TRUE"
[1] 13
[1] 16
[1] 0.3555356
[1] "TRUE"
[1] 21
[1] 24
[1] 0.3829959
[1] "TRUE"
[1] 21
[1] 26
[1] 0.2800323
[1] "TRUE"
[1] 28
[1] 32
[1] 0.3494417
[1] "TRUE"
[1] 27
[1] 32
[1] 0.3014616
[1] "TRUE"
[1] 17
[1] 20
[1] 0.3714147
[1] "TRUE"
[1] 21
[1] 25
[1] 0.329369
[1] "TRUE"
[1] 16
[1] 19
[1] 0.3679394
[1] "TRUE"
[1] 14
[1] 18
[1] 0.2983074
[1] "TRUE"
[1] 17
[1] 20
[1] 0.3714147
[1] "TRUE"
[1] 18
[1] 21
[1] 0.3746293
[1] "TRUE"
[1] 18
[1] 23
[1] 0.2663546
[1] "TRUE"
[1] 19
[1] 24
[1] 0.271192
[1] "TRUE"
[1] 18
[1] 23
[1] 0.2663546
[1] "TRUE"
[1] 19
[1] 24
[1] 0.271192
[1] "TRUE"
[1] 19
[1] 24
[1] 0.271192
[1] "TRUE"
[1] 20
[1] 25
[1] 0.2757422
[1] "TRUE"
[1] 20
[1] 25
[1] 0.2757422
[1] "TRUE"
[1] 17
[1] 22
[1] 0.2611987
[1] "TRUE"
[1] 17
[1] 22
[1] 0.2611987
[1] "TRUE"
[1] 18
[1] 23
[1] 0.2663546
[1] "TRUE"
[1] 17
[1] 22
[1] 0.2611987
[1] "TRUE"
[1] 14
[1] 17
[1] 0.3600501
[1] "TRUE"
[1] 15
[1] 21
[1] 0.2025161
[1] "TRUE"
[1] 17
[1] 21
[1] 0.3135513
[1] "TRUE"
[1] 27
[1] 31
[1] 0.347002
[1] "TRUE"
[1] 23
[1] 27
[1] 0.3359055
[1] "TRUE"
[1] 22
[1] 27
[1] 0.2840862
[1] "TRUE"
[1] 23
[1] 27
[1] 0.3359055
[1] "TRUE"
[1] 18
[1] 23
[1] 0.2663546
[1] "TRUE"
[1] 15
[1] 18
[1] 0.3641662
[1] "TRUE"
[1] 16
[1] 20
[1] 0.3088597
[1] "TRUE"
[1] 14
[1] 17
[1] 0.3600501
[1] "TRUE"
[1] 25
[1] 29
[1] 0.3417446
[1] "TRUE"
[1] 15
[1] 19
[1] 0.3037957
[1] "TRUE"
[1] 25
[1] 29
[1] 0.3417446
[1] "TRUE"
[1] 16
[1] 21
[1] 0.2556879
[1] "TRUE"
[1] 13
[1] 16
[1] 0.3555356
[1] "TRUE"
[1] 13
[1] 16
[1] 0.3555356
[1] "TRUE"
[1] 13
[1] 16
[1] 0.3555356
[1] "TRUE"
[1] 17
[1] 20
[1] 0.3714147
[1] "TRUE"
[1] 15
[1] 18
[1] 0.3641662
[1] "TRUE"
[1] 26
[1] 30
[1] 0.3444399
[1] "TRUE"
[1] 15
[1] 19
[1] 0.3037957
[1] "TRUE"
[1] 16
[1] 20
[1] 0.3088597
[1] "TRUE"
[1] 17
[1] 21
[1] 0.3135513
[1] "TRUE"
[1] 19
[1] 23
[1] 0.3219845
[1] "TRUE"
[1] 24
[1] 28
[1] 0.3389043
[1] "TRUE"
[1] 14
[1] 17
[1] 0.3600501
[1] "TRUE"
[1] 16
[1] 19
[1] 0.3679394
[1] "TRUE"
[1] 14
[1] 17
[1] 0.3600501
[1] "TRUE"
[1] 9
[1] 12
[1] 0.3318119
[1] "TRUE"
[1] 16
[1] 19
[1] 0.3679394
[1] "TRUE"
[1] 15
[1] 18
[1] 0.3641662
[1] "TRUE"
[1] 19
[1] 23
[1] 0.3219845
[1] "TRUE"
[1] 18
[1] 25
[1] 0.1801888
[1] "TRUE"
[1] 22
[1] 26
[1] 0.3327329
[1] "TRUE"
[1] 33
[1] 38
[1] 0.3176538
[1] "TRUE"
[1] 15
[1] 19
[1] 0.3037957
[1] "TRUE"
[1] 17
[1] 20
[1] 0.3714147
[1] "TRUE"
[1] 16
[1] 19
[1] 0.3679394
[1] "TRUE"
[1] 17
[1] 20
[1] 0.3714147
[1] "TRUE"
[1] 12
[1] 15
[1] 0.350554
[1] "TRUE"
[1] 25
[1] 31
[1] 0.2522019
[1] "TRUE"
[1] 31
[1] 36
[1] 0.3127034
[1] "TRUE"
[1] 15
[1] 18
[1] 0.3641662
[1] "TRUE"
[1] 16
[1] 19
[1] 0.3679394
[1] "TRUE"
[1] 15
[1] 20
[1] 0.2497799
[1] "TRUE"
[1] 15
[1] 18
[1] 0.3641662
[1] "TRUE"
[1] 19
[1] 24
[1] 0.271192
[1] "TRUE"
[1] 18
[1] 22
[1] 0.317914
[1] "TRUE"
[1] 27
[1] 32
[1] 0.3014616
[1] "TRUE"
[1] 18
[1] 21
[1] 0.3746293
[1] "TRUE"
[1] 28
[1] 33
[1] 0.3044604
[1] "TRUE"
[1] 15
[1] 18
[1] 0.3641662
[1] "TRUE"
[1] 11
[1] 14
[1] 0.345019
[1] "TRUE"
[1] 19
[1] 23
[1] 0.3219845
[1] "TRUE"
[1] 13
[1] 16
[1] 0.3555356
[1] "TRUE"
[1] 27
[1] 31
[1] 0.347002
[1] "TRUE"
[1] 26
[1] 30
[1] 0.3444399
[1] "TRUE"
[1] 12
[1] 15
[1] 0.350554
[1] "TRUE"
[1] 25
[1] 30
[1] 0.2950267
[1] "TRUE"
[1] 25
[1] 31
[1] 0.2522019
[1] "TRUE"
[1] 25
[1] 30
[1] 0.2950267
[1] "TRUE"
[1] 28
[1] 36
[1] 0.1908664
[1] "TRUE"
[1] 27
[1] 36
[1] 0.1567515
[1] "TRUE"
[1] 27
[1] 36
[1] 0.1567515
[1] "TRUE"
[1] 14
[1] 17
[1] 0.3600501
[1] "TRUE"
[1] 10
[1] 13
[1] 0.3388197
[1] "TRUE"
[1] 20
[1] 25
[1] 0.2757422
[1] "TRUE"
[1] 16
[1] 19
[1] 0.3679394
[1] "TRUE"
[1] 10
[1] 13
[1] 0.3388197
[1] "TRUE"
[1] 9
[1] 12
[1] 0.3318119
[1] "TRUE"
[1] 15
[1] 19
[1] 0.3037957
[1] "TRUE"
[1] 21
[1] 26
[1] 0.2800323
[1] "TRUE"
[1] 12
[1] 15
[1] 0.350554
[1] "TRUE"
[1] 17
[1] 20
[1] 0.3714147
[1] "TRUE"
[1] 15
[1] 19
[1] 0.3037957
[1] "TRUE"
[1] 18
[1] 22
[1] 0.317914
[1] "TRUE"
[1] 15
[1] 18
[1] 0.3641662
[1] "TRUE"
[1] 21
[1] 26
[1] 0.2800323
[1] "TRUE"
[1] 10
[1] 13
[1] 0.3388197
[1] "TRUE"
[1] 27
[1] 31
[1] 0.347002
[1] "TRUE"
[1] 27
[1] 32
[1] 0.3014616
[1] "TRUE"
[1] 14
[1] 18
[1] 0.2983074
[1] "TRUE"
[1] 12
[1] 17
[1] 0.2291292
[1] "TRUE"
[1] 16
[1] 19
[1] 0.3679394
[1] "TRUE"
[1] 16
[1] 19
[1] 0.3679394
[1] "TRUE"
[1] 13
[1] 16
[1] 0.3555356
[1] "TRUE"
[1] 26
[1] 30
[1] 0.3444399
[1] "TRUE"
[1] 24
[1] 29
[1] 0.2915661
[1] "TRUE"
[1] 12
[1] 15
[1] 0.350554
[1] "TRUE"
[1] 18
[1] 25
[1] 0.1801888
[1] "TRUE"
[1] 20
[1] 25
[1] 0.2757422
[1] "TRUE"
[1] 24
[1] 30
[1] 0.2483087
[1] "TRUE"
[1] 22
[1] 26
[1] 0.3327329
[1] "TRUE"
[1] 15
[1] 19
[1] 0.3037957
[1] "TRUE"
[1] 25
[1] 29
[1] 0.3417446
[1] "TRUE"
[1] 14
[1] 17
[1] 0.3600501
[1] "TRUE"
[1] 12
[1] 15
[1] 0.350554
[1] "TRUE"
[1] 22
[1] 26
[1] 0.3327329
[1] "TRUE"
[1] 17
[1] 20
[1] 0.3714147
[1] "TRUE"
[1] 11
[1] 14
[1] 0.345019
[1] "TRUE"
[1] 19
[1] 23
[1] 0.3219845
[1] "TRUE"
[1] 29
[1] 33
[1] 0.3517683
[1] "TRUE"
[1] 10
[1] 14
[1] 0.2706281
[1] "TRUE"
[1] 24
[1] 28
[1] 0.3389043
[1] "TRUE"
[1] 15
[1] 18
[1] 0.3641662
[1] "TRUE"
[1] 15
[1] 18
[1] 0.3641662
[1] "TRUE"
[1] 13
[1] 16
[1] 0.3555356
[1] "TRUE"
[1] 22
[1] 26
[1] 0.3327329
[1] "TRUE"
[1] 14
[1] 17
[1] 0.3600501
[1] "TRUE"
[1] 14
[1] 17
[1] 0.3600501
[1] "TRUE"
[1] 16
[1] 19
[1] 0.3679394
[1] "TRUE"
[1] 13
[1] 16
[1] 0.3555356
[1] "TRUE"
[1] 14
[1] 17
[1] 0.3600501
[1] "TRUE"
[1] 24
[1] 29
[1] 0.2915661
[1] "TRUE"
[1] 15
[1] 19
[1] 0.3037957
[1] "TRUE"
[1] 15
[1] 18
[1] 0.3641662
[1] "TRUE"
[1] 15
[1] 21
[1] 0.2025161
[1] "TRUE"
[1] 17
[1] 23
[1] 0.2147953
[1] "TRUE"
[1] 17
[1] 23
[1] 0.2147953
[1] "TRUE"
[1] 20
[1] 26
[1] 0.2306956
[1] "TRUE"
[1] 14
[1] 24
[1] 0.07165333
[1] "TRUE"
[1] 18
[1] 26
[1] 0.1456076
[1] "TRUE"
[1] 15
[1] 23
[1] 0.1279375
[1] "TRUE"
[1] 17
[1] 21
[1] 0.3135513
[1] "TRUE"
[1] 18
[1] 22
[1] 0.317914
[1] "TRUE"
[1] 9
[1] 12
[1] 0.3318119
[1] "TRUE"
[1] 27
[1] 33
[1] 0.259479
[1] "TRUE"
[1] 22
[1] 27
[1] 0.2840862
[1] "TRUE"
[1] 17
[1] 22
[1] 0.2611987
[1] "TRUE"
[1] 14
[1] 17
[1] 0.3600501
[1] "TRUE"
[1] 15
[1] 19
[1] 0.3037957
[1] "TRUE"
[1] 12
[1] 16
[1] 0.2857941
[1] "TRUE"
[1] 14
[1] 17
[1] 0.3600501
[1] "TRUE"
[1] 15
[1] 18
[1] 0.3641662
[1] "TRUE"
[1] 15
[1] 18
[1] 0.3641662
[1] "TRUE"
[1] 16
[1] 19
[1] 0.3679394
[1] "TRUE"
[1] 18
[1] 21
[1] 0.3746293
[1] "TRUE"
[1] 10
[1] 13
[1] 0.3388197
[1] "TRUE"
[1] 24
[1] 28
[1] 0.3389043
[1] "TRUE"
[1] 17
[1] 21
[1] 0.3135513
[1] "TRUE"
[1] 12
[1] 15
[1] 0.350554
[1] "TRUE"
[1] 33
[1] 38
[1] 0.3176538
[1] "TRUE"
[1] 18
[1] 22
[1] 0.317914
[1] "TRUE"
[1] 19
[1] 22
[1] 0.3776143
[1] "TRUE"
[1] 15
[1] 19
[1] 0.3037957
[1] "TRUE"
[1] 15
[1] 18
[1] 0.3641662
[1] "TRUE"
[1] 30
[1] 35
[1] 0.3100724
[1] "TRUE"
[1] 16
[1] 19
[1] 0.3679394
[1] "TRUE"
[1] 14
[1] 19
[1] 0.2434251
[1] "TRUE"
[1] 15
[1] 18
[1] 0.3641662
[1] "TRUE"
[1] 14
[1] 18
[1] 0.2983074
[1] "TRUE"
[1] 17
[1] 22
[1] 0.2611987
[1] "TRUE"
[1] 15
[1] 18
[1] 0.3641662
[1] "TRUE"
[1] 15
[1] 18
[1] 0.3641662
[1] "TRUE"
[1] 8
[1] 11
[1] 0.3238029
[1] "TRUE"
[1] 11
[1] 15
[1] 0.2785985
[1] "TRUE"
[1] 12
[1] 15
[1] 0.350554
[1] "TRUE"
[1] 21
[1] 25
[1] 0.329369
[1] "TRUE"
[1] 29
[1] 34
[1] 0.3073275
[1] "TRUE"
[1] 16
[1] 19
[1] 0.3679394
[1] "TRUE"
[1] 11
[1] 15
[1] 0.2785985
[1] "TRUE"
[1] 13
[1] 17
[1] 0.2923324
[1] "TRUE"
[1] 12
[1] 17
[1] 0.2291292
[1] "TRUE"
[1] 12
[1] 16
[1] 0.2857941
[1] "TRUE"
[1] 15
[1] 21
[1] 0.2025161
[1] "TRUE"
[1] 16
[1] 21
[1] 0.2556879
[1] "TRUE"
[1] 17
[1] 20
[1] 0.3714147
[1] "TRUE"
[1] 14
[1] 18
[1] 0.2983074
[1] "TRUE"
[1] 13
[1] 17
[1] 0.2923324
[1] "TRUE"
[1] 21
[1] 27
[1] 0.2354395
[1] "TRUE"
[1] 24
[1] 28
[1] 0.3389043
[1] "TRUE"
[1] 24
[1] 28
[1] 0.3389043
[1] "TRUE"
[1] 22
[1] 28
[1] 0.2399438
[1] "TRUE"
[1] 25
[1] 31
[1] 0.2522019
[1] "TRUE"
[1] 25
[1] 31
[1] 0.2522019
[1] "TRUE"
[1] 26
[1] 32
[1] 0.2559212
[1] "TRUE"
[1] 26
[1] 32
[1] 0.2559212
[1] "TRUE"
[1] 26
[1] 32
[1] 0.2559212
[1] "TRUE"
[1] 27
[1] 32
[1] 0.3014616
[1] "TRUE"
[1] 18
[1] 22
[1] 0.317914
[1] "TRUE"
[1] 16
[1] 20
[1] 0.3088597
[1] "TRUE"
[1] 13
[1] 17
[1] 0.2923324
[1] "TRUE"
[1] 9
[1] 12
[1] 0.3318119
[1] "TRUE"
[1] 13
[1] 16
[1] 0.3555356
[1] "TRUE"
[1] 22
[1] 27
[1] 0.2840862
[1] "TRUE"
[1] 25
[1] 31
[1] 0.2522019
[1] "TRUE"
[1] 27
[1] 33
[1] 0.259479
[1] "TRUE"
[1] 14
[1] 17
[1] 0.3600501
[1] "TRUE"
[1] 21
[1] 25
[1] 0.329369
[1] "TRUE"
[1] 15
[1] 18
[1] 0.3641662
[1] "TRUE"
[1] 18
[1] 21
[1] 0.3746293
[1] "TRUE"
[1] 17
[1] 26
[1] 0.1110264
[1] "TRUE"
[1] 18
[1] 27
[1] 0.1163466
[1] "TRUE"
[1] 16
[1] 23
[1] 0.1683918
[1] "TRUE"
[1] 17
[1] 26
[1] 0.1110264
[1] "TRUE"
[1] 15
[1] 26
[1] 0.0586376
[1] "TRUE"
[1] 21
[1] 30
[1] 0.1312188
[1] "TRUE"
[1] 21
[1] 30
[1] 0.1312188
[1] "TRUE"
[1] 17
[1] 21
[1] 0.3135513
[1] "TRUE"
[1] 14
[1] 17
[1] 0.3600501
[1] "TRUE"
[1] 14
[1] 17
[1] 0.3600501
[1] "TRUE"
[1] 22
[1] 29
[1] 0.200531
[1] "TRUE"
[1] 22
[1] 27
[1] 0.2840862
[1] "TRUE"
[1] 14
[1] 20
[1] 0.1957642
[1] "TRUE"
[1] 15
[1] 19
[1] 0.3037957
[1] "TRUE"
[1] 18
[1] 23
[1] 0.2663546
[1] "TRUE"
[1] 27
[1] 31
[1] 0.347002
[1] "TRUE"
[1] 23
[1] 28
[1] 0.2879247
[1] "TRUE"
[1] 15
[1] 19
[1] 0.3037957
[1] "TRUE"
[1] 14
[1] 17
[1] 0.3600501
[1] "TRUE"
[1] 14
[1] 17
[1] 0.3600501
[1] "TRUE"
[1] 14
[1] 17
[1] 0.3600501
[1] "TRUE"
[1] 18
[1] 23
[1] 0.2663546
[1] "TRUE"
[1] 18
[1] 22
[1] 0.317914
[1] "TRUE"
[1] 8
[1] 11
[1] 0.3238029
[1] "TRUE"
[1] 9
[1] 12
[1] 0.3318119
[1] "TRUE"
[1] 15
[1] 18
[1] 0.3641662
[1] "TRUE"
[1] 13
[1] 17
[1] 0.2923324
[1] "TRUE"
[1] 12
[1] 15
[1] 0.350554
[1] "TRUE"
[1] 15
[1] 19
[1] 0.3037957
[1] "TRUE"
[1] 17
[1] 21
[1] 0.3135513
[1] "TRUE"
[1] 16
[1] 21
[1] 0.2556879
[1] "TRUE"
[1] 16
[1] 20
[1] 0.3088597
[1] "TRUE"
[1] 11
[1] 15
[1] 0.2785985
[1] "TRUE"
[1] 14
[1] 17
[1] 0.3600501
[1] "TRUE"
[1] 16
[1] 21
[1] 0.2556879
[1] "TRUE"
[1] 9
[1] 12
[1] 0.3318119
[1] "TRUE"
[1] 12
[1] 15
[1] 0.350554
[1] "TRUE"
[1] 16
[1] 19
[1] 0.3679394
[1] "TRUE"
[1] 27
[1] 32
[1] 0.3014616
[1] "TRUE"
[1] 21
[1] 25
[1] 0.329369
[1] "TRUE"
[1] 34
[1] 38
[1] 0.3619741
[1] "TRUE"
[1] 14
[1] 17
[1] 0.3600501
[1] "TRUE"
[1] 12
[1] 16
[1] 0.2857941
[1] "TRUE"
[1] 14
[1] 18
[1] 0.2983074
[1] "TRUE"
[1] 13
[1] 17
[1] 0.2923324
[1] "TRUE"
[1] 16
[1] 22
[1] 0.2088461
[1] "TRUE"
[1] 14
[1] 18
[1] 0.2983074
[1] "TRUE"
[1] 14
[1] 17
[1] 0.3600501
[1] "TRUE"
[1] 15
[1] 18
[1] 0.3641662
[1] "TRUE"
[1] 13
[1] 16
[1] 0.3555356
[1] "TRUE"
[1] 14
[1] 18
[1] 0.2983074
[1] "TRUE"
[1] 22
[1] 26
[1] 0.3327329
[1] "TRUE"
[1] 17
[1] 22
[1] 0.2611987
[1] "TRUE"
[1] 17
[1] 22
[1] 0.2611987
[1] "TRUE"
[1] 12
[1] 16
[1] 0.2857941
[1] "TRUE"
[1] 25
[1] 29
[1] 0.3417446
[1] "TRUE"
[1] 13
[1] 16
[1] 0.3555356
[1] "TRUE"
[1] 16
[1] 20
[1] 0.3088597
[1] "TRUE"
[1] 18
[1] 21
[1] 0.3746293
[1] "TRUE"
[1] 12
[1] 15
[1] 0.350554
[1] "TRUE"
[1] 14
[1] 17
[1] 0.3600501
[1] "TRUE"
[1] 14
[1] 17
[1] 0.3600501
[1] "TRUE"
[1] 12
[1] 15
[1] 0.350554
[1] "TRUE"
[1] 21
[1] 25
[1] 0.329369
[1] "TRUE"
[1] 16
[1] 20
[1] 0.3088597
[1] "TRUE"
[1] 18
[1] 21
[1] 0.3746293
[1] "TRUE"
[1] 16
[1] 20
[1] 0.3088597
[1] "TRUE"
[1] 27
[1] 32
[1] 0.3014616
[1] "TRUE"
[1] 10
[1] 14
[1] 0.2706281
[1] "TRUE"
[1] 11
[1] 14
[1] 0.345019
[1] "TRUE"
[1] 12
[1] 15
[1] 0.350554
[1] "TRUE"
[1] 11
[1] 15
[1] 0.2785985
[1] "TRUE"
[1] 17
[1] 20
[1] 0.3714147
[1] "TRUE"
[1] 29
[1] 33
[1] 0.3517683
[1] "TRUE"
[1] 27
[1] 31
[1] 0.347002
[1] "TRUE"
[1] 26
[1] 30
[1] 0.3444399
[1] "TRUE"
[1] 28
[1] 33
[1] 0.3044604
[1] "TRUE"
[1] 21
[1] 25
[1] 0.329369
[1] "TRUE"
[1] 22
[1] 26
[1] 0.3327329
[1] "TRUE"
[1] 16
[1] 20
[1] 0.3088597
[1] "TRUE"
[1] 15
[1] 18
[1] 0.3641662
[1] "TRUE"
[1] 12
[1] 17
[1] 0.2291292
[1] "TRUE"
[1] 11
[1] 15
[1] 0.2785985
[1] "TRUE"
[1] 10
[1] 15
[1] 0.2121781
[1] "TRUE"
[1] 12
[1] 16
[1] 0.2857941
[1] "TRUE"
[1] 17
[1] 20
[1] 0.3714147
[1] "TRUE"
[1] 12
[1] 15
[1] 0.350554
[1] "TRUE"
[1] 15
[1] 18
[1] 0.3641662
[1] "TRUE"
[1] 13
[1] 16
[1] 0.3555356
[1] "TRUE"
[1] 17
[1] 21
[1] 0.3135513
[1] "TRUE"
[1] 14
[1] 20
[1] 0.1957642
[1] "TRUE"
[1] 23
[1] 27
[1] 0.3359055
[1] "TRUE"
[1] 15
[1] 19
[1] 0.3037957
[1] "TRUE"
[1] 17
[1] 20
[1] 0.3714147
[1] "TRUE"
[1] 28
[1] 34
[1] 0.2628867
[1] "TRUE"
[1] 28
[1] 33
[1] 0.3044604
[1] "TRUE"
[1] 16
[1] 23
[1] 0.1683918
[1] "TRUE"
[1] 13
[1] 18
[1] 0.2365648
[1] "TRUE"
[1] 15
[1] 19
[1] 0.3037957
[1] "TRUE"
[1] 19
[1] 24
[1] 0.271192
[1] "TRUE"
[1] 12
[1] 15
[1] 0.350554
[1] "TRUE"
[1] 17
[1] 21
[1] 0.3135513
[1] "TRUE"
[1] 16
[1] 19
[1] 0.3679394
[1] "TRUE"
[1] 27
[1] 31
[1] 0.347002
[1] "TRUE"
[1] 15
[1] 18
[1] 0.3641662
[1] "TRUE"
[1] 16
[1] 19
[1] 0.3679394
[1] "TRUE"
[1] 11
[1] 15
[1] 0.2785985
[1] "TRUE"
[1] 13
[1] 16
[1] 0.3555356
[1] "TRUE"
[1] 14
[1] 22
[1] 0.1214925
[1] "TRUE"
[1] 17
[1] 20
[1] 0.3714147
[1] "TRUE"
[1] 15
[1] 18
[1] 0.3641662
[1] "TRUE"
[1] 14
[1] 17
[1] 0.3600501
[1] "TRUE"
[1] 11
[1] 14
[1] 0.345019
[1] "TRUE"
[1] 18
[1] 21
[1] 0.3746293
[1] "TRUE"
[1] 16
[1] 19
[1] 0.3679394
[1] "TRUE"
[1] 16
[1] 19
[1] 0.3679394
[1] "TRUE"
[1] 17
[1] 22
[1] 0.2611987
[1] "TRUE"
[1] 12
[1] 15
[1] 0.350554
[1] "TRUE"
[1] 18
[1] 22
[1] 0.317914
[1] "TRUE"
[1] 16
[1] 20
[1] 0.3088597
[1] "TRUE"
[1] 15
[1] 18
[1] 0.3641662
[1] "TRUE"
[1] 23
[1] 27
[1] 0.3359055
[1] "TRUE"
[1] 13
[1] 16
[1] 0.3555356
[1] "TRUE"
[1] 11
[1] 15
[1] 0.2785985
[1] "TRUE"
[1] 11
[1] 15
[1] 0.2785985
[1] "TRUE"
[1] 16
[1] 19
[1] 0.3679394
[1] "TRUE"
[1] 16
[1] 19
[1] 0.3679394
[1] "TRUE"
[1] 14
[1] 18
[1] 0.2983074
[1] "TRUE"
[1] 12
[1] 15
[1] 0.350554
[1] "TRUE"
[1] 13
[1] 16
[1] 0.3555356
[1] "TRUE"
[1] 22
[1] 27
[1] 0.2840862
[1] "TRUE"
[1] 10
[1] 13
[1] 0.3388197
[1] "TRUE"
[1] 13
[1] 16
[1] 0.3555356
[1] "TRUE"
[1] 13
[1] 16
[1] 0.3555356
[1] "TRUE"
[1] 28
[1] 33
[1] 0.3044604
[1] "TRUE"
[1] 26
[1] 30
[1] 0.3444399
[1] "TRUE"
[1] 26
[1] 30
[1] 0.3444399
[1] "TRUE"
[1] 14
[1] 17
[1] 0.3600501
[1] "TRUE"
[1] 23
[1] 28
[1] 0.2879247
[1] "TRUE"
[1] 30
[1] 34
[1] 0.3539904
[1] "TRUE"
[1] 34
[1] 38
[1] 0.3619741
[1] "TRUE"
[1] 18
[1] 21
[1] 0.3746293
[1] "TRUE"
[1] 30
[1] 34
[1] 0.3539904
[1] "TRUE"
[1] 21
[1] 26
[1] 0.2800323
[1] "TRUE"
[1] 20
[1] 27
[1] 0.1908467
[1] "TRUE"
[1] 20
[1] 27
[1] 0.1908467
[1] "TRUE"
[1] 20
[1] 27
[1] 0.1908467
[1] "TRUE"
[1] 19
[1] 22
[1] 0.3776143
[1] "TRUE"
[1] 18
[1] 22
[1] 0.317914
[1] "TRUE"
[1] 19
[1] 22
[1] 0.3776143
[1] "TRUE"
[1] 19
[1] 22
[1] 0.3776143
[1] "TRUE"
[1] 18
[1] 22
[1] 0.317914
[1] "TRUE"
[1] 17
[1] 22
[1] 0.2611987
[1] "TRUE"
[1] 24
[1] 28
[1] 0.3389043
[1] "TRUE"
[1] 13
[1] 16
[1] 0.3555356
[1] "TRUE"
[1] 15
[1] 18
[1] 0.3641662
[1] "TRUE"
[1] 14
[1] 17
[1] 0.3600501
[1] "TRUE"
[1] 26
[1] 30
[1] 0.3444399
[1] "TRUE"
[1] 12
[1] 15
[1] 0.350554
[1] "TRUE"
[1] 9
[1] 12
[1] 0.3318119
[1] "TRUE"
[1] 27
[1] 31
[1] 0.347002
[1] "TRUE"
[1] 16
[1] 20
[1] 0.3088597
[1] "TRUE"
[1] 22
[1] 26
[1] 0.3327329
[1] "TRUE"
[1] 14
[1] 17
[1] 0.3600501
[1] "TRUE"
[1] 30
[1] 34
[1] 0.3539904
[1] "TRUE"
[1] 26
[1] 30
[1] 0.3444399
[1] "TRUE"
[1] 14
[1] 17
[1] 0.3600501
[1] "TRUE"
[1] 28
[1] 32
[1] 0.3494417
[1] "TRUE"
[1] 19
[1] 22
[1] 0.3776143
[1] "TRUE"
[1] 22
[1] 31
[1] 0.1358396
[1] "TRUE"
[1] 16
[1] 19
[1] 0.3679394
[1] "TRUE"
[1] 13
[1] 17
[1] 0.2923324
[1] "TRUE"
[1] 18
[1] 22
[1] 0.317914
[1] "TRUE"
[1] 15
[1] 18
[1] 0.3641662
[1] "TRUE"
[1] 16
[1] 19
[1] 0.3679394
[1] "TRUE"
[1] 16
[1] 20
[1] 0.3088597
[1] "TRUE"
[1] 14
[1] 17
[1] 0.3600501
[1] "TRUE"
[1] 18
[1] 22
[1] 0.317914
[1] "TRUE"
[1] 15
[1] 18
[1] 0.3641662
[1] "TRUE"
[1] 18
[1] 23
[1] 0.2663546
[1] "TRUE"
[1] 13
[1] 16
[1] 0.3555356
[1] "TRUE"
[1] 15
[1] 18
[1] 0.3641662
[1] "TRUE"
[1] 15
[1] 18
[1] 0.3641662
[1] "TRUE"
[1] 13
[1] 16
[1] 0.3555356
[1] "TRUE"
[1] 13
[1] 16
[1] 0.3555356
[1] "TRUE"
[1] 18
[1] 22
[1] 0.317914
[1] "TRUE"
[1] 13
[1] 18
[1] 0.2365648
[1] "TRUE"
[1] 14
[1] 18
[1] 0.2983074
[1] "TRUE"
[1] 17
[1] 22
[1] 0.2611987
[1] "TRUE"
[1] 11
[1] 14
[1] 0.345019
[1] "TRUE"
[1] 14
[1] 17
[1] 0.3600501
[1] "TRUE"
[1] 19
[1] 23
[1] 0.3219845
[1] "TRUE"
[1] 16
[1] 19
[1] 0.3679394
[1] "TRUE"
[1] 23
[1] 28
[1] 0.2879247
[1] "TRUE"
[1] 29
[1] 34
[1] 0.3073275
[1] "TRUE"
[1] 21
[1] 26
[1] 0.2800323
[1] "TRUE"
[1] 16
[1] 19
[1] 0.3679394
[1] "TRUE"
[1] 14
[1] 17
[1] 0.3600501
[1] "TRUE"
[1] 20
[1] 24
[1] 0.3257939
[1] "TRUE"
[1] 28
[1] 32
[1] 0.3494417
[1] "TRUE"
[1] 15
[1] 18
[1] 0.3641662
[1] "TRUE"
[1] 10
[1] 13
[1] 0.3388197
[1] "TRUE"
[1] 21
[1] 25
[1] 0.329369
[1] "TRUE"
[1] 17
[1] 20
[1] 0.3714147
[1] "TRUE"
[1] 24
[1] 29
[1] 0.2915661
[1] "TRUE"
[1] 14
[1] 17
[1] 0.3600501
[1] "TRUE"
[1] 15
[1] 19
[1] 0.3037957
[1] "TRUE"
[1] 31
[1] 35
[1] 0.3561154
[1] "TRUE"
[1] 28
[1] 34
[1] 0.2628867
[1] "TRUE"
[1] 22
[1] 29
[1] 0.200531
[1] "TRUE"
[1] 16
[1] 20
[1] 0.3088597
[1] "TRUE"
[1] 14
[1] 17
[1] 0.3600501
[1] "TRUE"
[1] 8
[1] 12
[1] 0.2517223
[1] "TRUE"
[1] 20
[1] 24
[1] 0.3257939
[1] "TRUE"
[1] 17
[1] 20
[1] 0.3714147
[1] "TRUE"
[1] 21
[1] 24
[1] 0.3829959
[1] "TRUE"
[1] 20
[1] 24
[1] 0.3257939
[1] "TRUE"
[1] 12
[1] 16
[1] 0.2857941
[1] "TRUE"
[1] 18
[1] 21
[1] 0.3746293
[1] "TRUE"
[1] 13
[1] 16
[1] 0.3555356
[1] "TRUE"
[1] 15
[1] 20
[1] 0.2497799
[1] "TRUE"
[1] 13
[1] 23
[1] 0.06624908
[1] "TRUE"
[1] 10
[1] 13
[1] 0.3388197
[1] "TRUE"
[1] 18
[1] 22
[1] 0.317914
[1] "TRUE"
[1] 17
[1] 21
[1] 0.3135513
[1] "TRUE"
[1] 17
[1] 21
[1] 0.3135513
[1] "TRUE"
[1] 17
[1] 20
[1] 0.3714147
[1] "TRUE"
[1] 15
[1] 18
[1] 0.3641662
[1] "TRUE"
[1] 16
[1] 21
[1] 0.2556879
[1] "TRUE"
[1] 17
[1] 20
[1] 0.3714147
[1] "TRUE"
[1] 28
[1] 32
[1] 0.3494417
[1] "TRUE"
[1] 13
[1] 17
[1] 0.2923324
[1] "TRUE"
[1] 29
[1] 33
[1] 0.3517683
[1] "TRUE"
[1] 13
[1] 16
[1] 0.3555356
[1] "TRUE"
[1] 11
[1] 14
[1] 0.345019
[1] "TRUE"
[1] 15
[1] 19
[1] 0.3037957
[1] "TRUE"
[1] 10
[1] 13
[1] 0.3388197
[1] "TRUE"
[1] 13
[1] 17
[1] 0.2923324
[1] "TRUE"
[1] 25
[1] 29
[1] 0.3417446
[1] "TRUE"
[1] 14
[1] 17
[1] 0.3600501
[1] "TRUE"
[1] 16
[1] 22
[1] 0.2088461
[1] "TRUE"
[1] 25
[1] 29
[1] 0.3417446
[1] "TRUE"
[1] 25
[1] 31
[1] 0.2522019
[1] "TRUE"
[1] 14
[1] 17
[1] 0.3600501
[1] "TRUE"
[1] 9
[1] 13
[1] 0.2617335
[1] "TRUE"
[1] 23
[1] 28
[1] 0.2879247
[1] "TRUE"
[1] 15
[1] 20
[1] 0.2497799
[1] "TRUE"
[1] 23
[1] 28
[1] 0.2879247
[1] "TRUE"
[1] 26
[1] 30
[1] 0.3444399
[1] "TRUE"
[1] 14
[1] 17
[1] 0.3600501
[1] "TRUE"
[1] 17
[1] 21
[1] 0.3135513
[1] "TRUE"
[1] 21
[1] 25
[1] 0.329369
[1] "TRUE"
[1] 24
[1] 28
[1] 0.3389043
[1] "TRUE"
[1] 12
[1] 15
[1] 0.350554
[1] "TRUE"
[1] 18
[1] 23
[1] 0.2663546
[1] "TRUE"
[1] 27
[1] 31
[1] 0.347002
[1] "TRUE"
[1] 18
[1] 21
[1] 0.3746293
[1] "TRUE"
[1] 18
[1] 22
[1] 0.317914
[1] "TRUE"
[1] 29
[1] 34
[1] 0.3073275
[1] "TRUE"
[1] 14
[1] 17
[1] 0.3600501
[1] "TRUE"
[1] 17
[1] 20
[1] 0.3714147
[1] "TRUE"
[1] 15
[1] 18
[1] 0.3641662
[1] "TRUE"
[1] 10
[1] 13
[1] 0.3388197
[1] "TRUE"
[1] 25
[1] 29
[1] 0.3417446
[1] "TRUE"
[1] 17
[1] 21
[1] 0.3135513
[1] "TRUE"
[1] 12
[1] 15
[1] 0.350554
[1] "TRUE"
[1] 30
[1] 34
[1] 0.3539904
[1] "TRUE"
[1] 17
[1] 22
[1] 0.2611987
[1] "TRUE"
[1] 30
[1] 36
[1] 0.2692914
[1] "TRUE"
[1] 14
[1] 17
[1] 0.3600501
[1] "TRUE"
[1] 20
[1] 24
[1] 0.3257939
[1] "TRUE"
[1] 16
[1] 19
[1] 0.3679394
[1] "TRUE"
[1] 13
[1] 16
[1] 0.3555356
[1] "TRUE"
[1] 16
[1] 20
[1] 0.3088597
[1] "TRUE"
[1] 14
[1] 17
[1] 0.3600501
[1] "TRUE"
[1] 14
[1] 18
[1] 0.2983074
[1] "TRUE"
[1] 13
[1] 16
[1] 0.3555356
[1] "TRUE"
[1] 11
[1] 14
[1] 0.345019
[1] "TRUE"
[1] 14
[1] 19
[1] 0.2434251
[1] "TRUE"
[1] 14
[1] 19
[1] 0.2434251
[1] "TRUE"
[1] 14
[1] 18
[1] 0.2983074
[1] "TRUE"
[1] 13
[1] 16
[1] 0.3555356
[1] "TRUE"
[1] 18
[1] 21
[1] 0.3746293
[1] "TRUE"
[1] 17
[1] 20
[1] 0.3714147
[1] "TRUE"
[1] 14
[1] 18
[1] 0.2983074
[1] "TRUE"
[1] 29
[1] 33
[1] 0.3517683
[1] "TRUE"
[1] 12
[1] 17
[1] 0.2291292
[1] "TRUE"
[1] 13
[1] 17
[1] 0.2923324
[1] "TRUE"
[1] 16
[1] 20
[1] 0.3088597
[1] "TRUE"
[1] 22
[1] 26
[1] 0.3327329
[1] "TRUE"
[1] 31
[1] 36
[1] 0.3127034
[1] "TRUE"
[1] 14
[1] 17
[1] 0.3600501
[1] "TRUE"
[1] 10
[1] 14
[1] 0.2706281
[1] "TRUE"
[1] 25
[1] 29
[1] 0.3417446
[1] "TRUE"
[1] 18
[1] 24
[1] 0.2203995
[1] "TRUE"
[1] 12
[1] 15
[1] 0.350554
[1] "TRUE"
[1] 15
[1] 18
[1] 0.3641662
[1] "TRUE"
[1] 14
[1] 17
[1] 0.3600501
[1] "TRUE"
[1] 15
[1] 18
[1] 0.3641662
[1] "TRUE"
[1] 17
[1] 20
[1] 0.3714147
[1] "TRUE"
[1] 13
[1] 17
[1] 0.2923324
[1] "TRUE"
[1] 11
[1] 14
[1] 0.345019
[1] "TRUE"
[1] 18
[1] 21
[1] 0.3746293
[1] "TRUE"
[1] 11
[1] 14
[1] 0.345019
[1] "TRUE"
[1] 25
[1] 29
[1] 0.3417446
[1] "TRUE"
[1] 13
[1] 16
[1] 0.3555356
[1] "TRUE"
[1] 11
[1] 15
[1] 0.2785985
[1] "TRUE"
[1] 13
[1] 16
[1] 0.3555356
[1] "TRUE"
[1] 29
[1] 33
[1] 0.3517683
[1] "TRUE"
[1] 11
[1] 14
[1] 0.345019
[1] "TRUE"
[1] 14
[1] 17
[1] 0.3600501
[1] "TRUE"
[1] 23
[1] 27
[1] 0.3359055
[1] "TRUE"
[1] 17
[1] 20
[1] 0.3714147
[1] "TRUE"
[1] 24
[1] 29
[1] 0.2915661
[1] "TRUE"
[1] 18
[1] 21
[1] 0.3746293
[1] "TRUE"
[1] 15
[1] 18
[1] 0.3641662
[1] "TRUE"
[1] 15
[1] 18
[1] 0.3641662
[1] "TRUE"
[1] 13
[1] 16
[1] 0.3555356
[1] "TRUE"
[1] 16
[1] 19
[1] 0.3679394
[1] "TRUE"
[1] 17
[1] 25
[1] 0.1399781
[1] "TRUE"
[1] 18
[1] 22
[1] 0.317914
[1] "TRUE"
[1] 22
[1] 26
[1] 0.3327329
[1] "TRUE"
[1] 25
[1] 29
[1] 0.3417446
[1] "TRUE"
[1] 16
[1] 19
[1] 0.3679394
[1] "TRUE"
[1] 10
[1] 13
[1] 0.3388197
[1] "TRUE"
[1] 17
[1] 22
[1] 0.2611987
[1] "TRUE"
[1] 13
[1] 16
[1] 0.3555356
[1] "TRUE"
[1] 14
[1] 17
[1] 0.3600501
[1] "TRUE"
[1] 15
[1] 19
[1] 0.3037957
[1] "TRUE"
[1] 19
[1] 22
[1] 0.3776143
[1] "TRUE"
[1] 14
[1] 18
[1] 0.2983074
[1] "TRUE"
[1] 22
[1] 26
[1] 0.3327329
[1] "TRUE"
[1] 11
[1] 14
[1] 0.345019
[1] "TRUE"
[1] 14
[1] 17
[1] 0.3600501
[1] "TRUE"
[1] 16
[1] 19
[1] 0.3679394
[1] "TRUE"
[1] 18
[1] 22
[1] 0.317914
[1] "TRUE"
[1] 8
[1] 11
[1] 0.3238029
[1] "TRUE"
[1] 27
[1] 30
[1] 0.3956832
[1] "TRUE"
[1] 19
[1] 26
[1] 0.185649
[1] "TRUE"
[1] 14
[1] 17
[1] 0.3600501
[1] "TRUE"
[1] 20
[1] 24
[1] 0.3257939
[1] "TRUE"
[1] 17
[1] 21
[1] 0.3135513
[1] "TRUE"
[1] 11
[1] 14
[1] 0.345019
[1] "TRUE"
[1] 26
[1] 30
[1] 0.3444399
[1] "TRUE"
[1] 15
[1] 18
[1] 0.3641662
[1] "TRUE"
[1] 14
[1] 17
[1] 0.3600501
[1] "TRUE"
[1] 12
[1] 17
[1] 0.2291292
[1] "TRUE"
[1] 15
[1] 18
[1] 0.3641662
[1] "TRUE"
[1] 18
[1] 21
[1] 0.3746293
[1] "TRUE"
[1] 15
[1] 18
[1] 0.3641662
[1] "TRUE"
[1] 16
[1] 19
[1] 0.3679394
[1] "TRUE"
[1] 12
[1] 15
[1] 0.350554
[1] "TRUE"
[1] 24
[1] 28
[1] 0.3389043
[1] "TRUE"
[1] 11
[1] 14
[1] 0.345019
[1] "TRUE"
[1] 15
[1] 19
[1] 0.3037957
[1] "TRUE"
[1] 15
[1] 18
[1] 0.3641662
[1] "TRUE"
[1] 27
[1] 32
[1] 0.3014616
[1] "TRUE"
[1] 20
[1] 24
[1] 0.3257939
[1] "TRUE"
[1] 13
[1] 17
[1] 0.2923324
[1] "TRUE"
[1] 14
[1] 17
[1] 0.3600501
[1] "TRUE"
[1] 13
[1] 18
[1] 0.2365648
[1] "TRUE"
[1] 15
[1] 18
[1] 0.3641662
[1] "TRUE"
[1] 14
[1] 17
[1] 0.3600501
[1] "TRUE"
[1] 16
[1] 19
[1] 0.3679394
[1] "TRUE"
[1] 16
[1] 19
[1] 0.3679394
[1] "TRUE"
[1] 31
[1] 36
[1] 0.3127034
[1] "TRUE"
[1] 12
[1] 15
[1] 0.350554
[1] "TRUE"
[1] 17
[1] 22
[1] 0.2611987
[1] "TRUE"
[1] 26
[1] 30
[1] 0.3444399
[1] "TRUE"
[1] 20
[1] 24
[1] 0.3257939
[1] "TRUE"
[1] 15
[1] 18
[1] 0.3641662
[1] "TRUE"
[1] 22
[1] 26
[1] 0.3327329
[1] "TRUE"
[1] 14
[1] 17
[1] 0.3600501
[1] "TRUE"
[1] 12
[1] 15
[1] 0.350554
[1] "TRUE"
[1] 12
[1] 15
[1] 0.350554
[1] "TRUE"
[1] 15
[1] 19
[1] 0.3037957
[1] "TRUE"
[1] 18
[1] 23
[1] 0.2663546
[1] "TRUE"
[1] 16
[1] 20
[1] 0.3088597
[1] "TRUE"
[1] 16
[1] 20
[1] 0.3088597
[1] "TRUE"
[1] 12
[1] 15
[1] 0.350554
[1] "TRUE"
[1] 16
[1] 19
[1] 0.3679394
[1] "TRUE"
[1] 16
[1] 19
[1] 0.3679394
[1] "TRUE"
[1] 20
[1] 26
[1] 0.2306956
[1] "TRUE"
[1] 16
[1] 19
[1] 0.3679394
[1] "TRUE"
[1] 31
[1] 36
[1] 0.3127034
[1] "TRUE"
[1] 12
[1] 15
[1] 0.350554
[1] "TRUE"
[1] 16
[1] 21
[1] 0.2556879
[1] "TRUE"
[1] 14
[1] 17
[1] 0.3600501
[1] "TRUE"
[1] 16
[1] 20
[1] 0.3088597
[1] "TRUE"
[1] 14
[1] 17
[1] 0.3600501
[1] "TRUE"
[1] 15
[1] 18
[1] 0.3641662
[1] "TRUE"
[1] 26
[1] 30
[1] 0.3444399
[1] "TRUE"
[1] 15
[1] 19
[1] 0.3037957
[1] "TRUE"
[1] 24
[1] 28
[1] 0.3389043
[1] "TRUE"
[1] 20
[1] 25
[1] 0.2757422
[1] "TRUE"
[1] 13
[1] 21
[1] 0.1147405
[1] "TRUE"
[1] 12
[1] 21
[1] 0.08137783
[1] "TRUE"
[1] 14
[1] 17
[1] 0.3600501
[1] "TRUE"
[1] 21
[1] 25
[1] 0.329369
[1] "TRUE"
[1] 11
[1] 14
[1] 0.345019
[1] "TRUE"
[1] 16
[1] 21
[1] 0.2556879
[1] "TRUE"
[1] 18
[1] 22
[1] 0.317914
[1] "TRUE"
[1] 15
[1] 18
[1] 0.3641662
[1] "TRUE"
[1] 17
[1] 20
[1] 0.3714147
[1] "TRUE"
[1] 15
[1] 19
[1] 0.3037957
[1] "TRUE"
[1] 13
[1] 16
[1] 0.3555356
[1] "TRUE"
[1] 15
[1] 19
[1] 0.3037957
[1] "TRUE"
[1] 15
[1] 18
[1] 0.3641662
[1] "TRUE"
[1] 10
[1] 13
[1] 0.3388197
[1] "TRUE"
[1] 13
[1] 16
[1] 0.3555356
[1] "TRUE"
[1] 15
[1] 18
[1] 0.3641662
[1] "TRUE"
[1] 23
[1] 27
[1] 0.3359055
[1] "TRUE"
[1] 10
[1] 14
[1] 0.2706281
[1] "TRUE"
[1] 11
[1] 14
[1] 0.345019
[1] "TRUE"
[1] 14
[1] 17
[1] 0.3600501
[1] "TRUE"
[1] 26
[1] 30
[1] 0.3444399
[1] "TRUE"
[1] 15
[1] 19
[1] 0.3037957
[1] "TRUE"
[1] 18
[1] 24
[1] 0.2203995
[1] "TRUE"
[1] 17
[1] 21
[1] 0.3135513
[1] "TRUE"
[1] 32
[1] 37
[1] 0.3152282
[1] "TRUE"
[1] 14
[1] 17
[1] 0.3600501
[1] "TRUE"
[1] 15
[1] 18
[1] 0.3641662
[1] "TRUE"
[1] 18
[1] 23
[1] 0.2663546
[1] "TRUE"
[1] 16
[1] 21
[1] 0.2556879
[1] "TRUE"
[1] 14
[1] 17
[1] 0.3600501
[1] "TRUE"
[1] 13
[1] 17
[1] 0.2923324
[1] "TRUE"
[1] 14
[1] 17
[1] 0.3600501
[1] "TRUE"
[1] 18
[1] 22
[1] 0.317914
[1] "TRUE"
[1] 10
[1] 13
[1] 0.3388197
[1] "TRUE"
[1] 12
[1] 15
[1] 0.350554
[1] "TRUE"
[1] 12
[1] 15
[1] 0.350554
[1] "TRUE"
[1] 12
[1] 15
[1] 0.350554
[1] "TRUE"
[1] 12
[1] 15
[1] 0.350554
[1] "TRUE"
[1] 12
[1] 15
[1] 0.350554
[1] "TRUE"
[1] 13
[1] 16
[1] 0.3555356
[1] "TRUE"
[1] 13
[1] 16
[1] 0.3555356
[1] "TRUE"
[1] 13
[1] 16
[1] 0.3555356
[1] "TRUE"
[1] 13
[1] 16
[1] 0.3555356
[1] "TRUE"
[1] 11
[1] 14
[1] 0.345019
[1] "TRUE"
[1] 20
[1] 24
[1] 0.3257939
[1] "TRUE"
[1] 14
[1] 18
[1] 0.2983074
[1] "TRUE"
[1] 15
[1] 18
[1] 0.3641662
[1] "TRUE"
[1] 22
[1] 26
[1] 0.3327329
[1] "TRUE"
[1] 19
[1] 23
[1] 0.3219845
[1] "TRUE"
[1] 12
[1] 15
[1] 0.350554
[1] "TRUE"
[1] 18
[1] 22
[1] 0.317914
[1] "TRUE"
[1] 17
[1] 20
[1] 0.3714147
[1] "TRUE"
[1] 25
[1] 30
[1] 0.2950267
[1] "TRUE"
[1] 30
[1] 35
[1] 0.3100724
[1] "TRUE"
[1] 27
[1] 32
[1] 0.3014616
[1] "TRUE"
[1] 17
[1] 20
[1] 0.3714147
[1] "TRUE"
[1] 26
[1] 31
[1] 0.2983209
[1] "TRUE"
[1] 11
[1] 14
[1] 0.345019
[1] "TRUE"
[1] 24
[1] 29
[1] 0.2915661
[1] "TRUE"
[1] 12
[1] 15
[1] 0.350554
[1] "TRUE"
[1] 8
[1] 11
[1] 0.3238029
[1] "TRUE"
[1] 28
[1] 32
[1] 0.3494417
[1] "TRUE"
[1] 16
[1] 19
[1] 0.3679394
[1] "TRUE"
[1] 18
[1] 24
[1] 0.2203995
[1] "TRUE"
[1] 12
[1] 15
[1] 0.350554
[1] "TRUE"
[1] 13
[1] 17
[1] 0.2923324
[1] "TRUE"
[1] 20
[1] 25
[1] 0.2757422
[1] "TRUE"
[1] 20
[1] 24
[1] 0.3257939
[1] "TRUE"
[1] 24
[1] 28
[1] 0.3389043
[1] "TRUE"
[1] 15
[1] 18
[1] 0.3641662
[1] "TRUE"
[1] 22
[1] 26
[1] 0.3327329
[1] "TRUE"
[1] 21
[1] 24
[1] 0.3829959
[1] "TRUE"
[1] 15
[1] 18
[1] 0.3641662
[1] "TRUE"
[1] 18
[1] 22
[1] 0.317914
[1] "TRUE"
[1] 12
[1] 15
[1] 0.350554
[1] "TRUE"
[1] 28
[1] 33
[1] 0.3044604
[1] "TRUE"
[1] 12
[1] 15
[1] 0.350554
[1] "TRUE"
[1] 29
[1] 34
[1] 0.3073275
[1] "TRUE"
[1] 24
[1] 28
[1] 0.3389043
[1] "TRUE"
[1] 25
[1] 29
[1] 0.3417446
[1] "TRUE"
[1] 25
[1] 29
[1] 0.3417446
[1] "TRUE"
[1] 16
[1] 19
[1] 0.3679394
[1] "TRUE"
[1] 10
[1] 14
[1] 0.2706281
[1] "TRUE"
[1] 12
[1] 16
[1] 0.2857941
[1] "TRUE"
[1] 10
[1] 13
[1] 0.3388197
[1] "TRUE"
[1] 25
[1] 30
[1] 0.2950267
[1] "TRUE"
[1] 14
[1] 22
[1] 0.1214925
[1] "TRUE"
[1] 25
[1] 29
[1] 0.3417446
[1] "TRUE"
[1] 20
[1] 24
[1] 0.3257939
[1] "TRUE"
[1] 15
[1] 18
[1] 0.3641662
[1] "TRUE"
[1] 13
[1] 16
[1] 0.3555356
[1] "TRUE"
[1] 23
[1] 28
[1] 0.2879247
[1] "TRUE"
[1] 16
[1] 19
[1] 0.3679394
[1] "TRUE"
[1] 15
[1] 18
[1] 0.3641662
[1] "TRUE"
[1] 17
[1] 20
[1] 0.3714147
[1] "TRUE"
[1] 28
[1] 32
[1] 0.3494417
[1] "TRUE"
[1] 20
[1] 24
[1] 0.3257939
[1] "TRUE"
[1] 30
[1] 35
[1] 0.3100724
[1] "TRUE"
[1] 24
[1] 30
[1] 0.2483087
[1] "TRUE"
[1] 15
[1] 18
[1] 0.3641662
[1] "TRUE"
[1] 14
[1] 17
[1] 0.3600501
[1] "TRUE"
[1] 17
[1] 20
[1] 0.3714147
[1] "TRUE"
[1] 9
[1] 14
[1] 0.2024364
[1] "TRUE"
[1] 15
[1] 19
[1] 0.3037957
[1] "TRUE"
[1] 10
[1] 13
[1] 0.3388197
[1] "TRUE"
[1] 16
[1] 19
[1] 0.3679394
[1] "TRUE"
[1] 21
[1] 25
[1] 0.329369
[1] "TRUE"
[1] 20
[1] 23
[1] 0.3803958
[1] "TRUE"
[1] 14
[1] 17
[1] 0.3600501
[1] "TRUE"
[1] 11
[1] 14
[1] 0.345019
[1] "TRUE"
[1] 11
[1] 14
[1] 0.345019
[1] "TRUE"
[1] 12
[1] 15
[1] 0.350554
[1] "TRUE"
[1] 13
[1] 19
[1] 0.1885428
[1] "TRUE"
[1] 16
[1] 20
[1] 0.3088597
[1] "TRUE"
[1] 13
[1] 16
[1] 0.3555356
[1] "TRUE"
[1] 12
[1] 15
[1] 0.350554
[1] "TRUE"
[1] 12
[1] 20
[1] 0.1076636
[1] "TRUE"
[1] 9
[1] 17
[1] 0.08431877
[1] "TRUE"
[1] 16
[1] 20
[1] 0.3088597
[1] "TRUE"
[1] 17
[1] 23
[1] 0.2147953
[1] "TRUE"
[1] 20
[1] 25
[1] 0.2757422
[1] "TRUE"
[1] 29
[1] 33
[1] 0.3517683
[1] "TRUE"
[1] 13
[1] 16
[1] 0.3555356
[1] "TRUE"
[1] 11
[1] 15
[1] 0.2785985
[1] "TRUE"
[1] 19
[1] 23
[1] 0.3219845
[1] "TRUE"
[1] 24
[1] 28
[1] 0.3389043
[1] "TRUE"
[1] 28
[1] 33
[1] 0.3044604
[1] "TRUE"
[1] 23
[1] 31
[1] 0.1704455
[1] "TRUE"
[1] 16
[1] 19
[1] 0.3679394
[1] "TRUE"
[1] 28
[1] 32
[1] 0.3494417
[1] "TRUE"
[1] 17
[1] 21
[1] 0.3135513
[1] "TRUE"
[1] 12
[1] 15
[1] 0.350554
[1] "TRUE"
[1] 14
[1] 17
[1] 0.3600501
[1] "TRUE"
[1] 20
[1] 24
[1] 0.3257939
[1] "TRUE"
[1] 22
[1] 26
[1] 0.3327329
[1] "TRUE"
[1] 17
[1] 21
[1] 0.3135513
[1] "TRUE"
[1] 16
[1] 19
[1] 0.3679394
[1] "TRUE"
[1] 17
[1] 21
[1] 0.3135513
[1] "TRUE"
[1] 24
[1] 28
[1] 0.3389043
[1] "TRUE"
[1] 24
[1] 28
[1] 0.3389043
[1] "TRUE"
[1] 15
[1] 18
[1] 0.3641662
[1] "TRUE"
[1] 25
[1] 30
[1] 0.2950267
[1] "TRUE"
[1] 19
[1] 23
[1] 0.3219845
[1] "TRUE"
[1] 23
[1] 27
[1] 0.3359055
[1] "TRUE"
[1] 27
[1] 31
[1] 0.347002
[1] "TRUE"
[1] 13
[1] 16
[1] 0.3555356
[1] "TRUE"
[1] 26
[1] 30
[1] 0.3444399
[1] "TRUE"
[1] 15
[1] 18
[1] 0.3641662
[1] "TRUE"
[1] 17
[1] 20
[1] 0.3714147
[1] "TRUE"
[1] 22
[1] 26
[1] 0.3327329
[1] "TRUE"
[1] 16
[1] 19
[1] 0.3679394
[1] "TRUE"
[1] 14
[1] 19
[1] 0.2434251
[1] "TRUE"
[1] 16
[1] 20
[1] 0.3088597
[1] "TRUE"
[1] 12
[1] 21
[1] 0.08137783
[1] "TRUE"
[1] 15
[1] 20
[1] 0.2497799
[1] "TRUE"
[1] 17
[1] 21
[1] 0.3135513
[1] "TRUE"
[1] 28
[1] 32
[1] 0.3494417
[1] "TRUE"
[1] 24
[1] 28
[1] 0.3389043
[1] "TRUE"
[1] 23
[1] 27
[1] 0.3359055
[1] "TRUE"
[1] 21
[1] 25
[1] 0.329369
[1] "TRUE"
[1] 21
[1] 25
[1] 0.329369
[1] "TRUE"
[1] 25
[1] 29
[1] 0.3417446
[1] "TRUE"
[1] 25
[1] 29
[1] 0.3417446
[1] "TRUE"
[1] 23
[1] 28
[1] 0.2879247
[1] "TRUE"
[1] 14
[1] 17
[1] 0.3600501
[1] "TRUE"
[1] 12
[1] 15
[1] 0.350554
[1] "TRUE"
[1] 23
[1] 27
[1] 0.3359055
[1] "TRUE"
[1] 19
[1] 24
[1] 0.271192
[1] "TRUE"
[1] 20
[1] 24
[1] 0.3257939
[1] "TRUE"
[1] 12
[1] 16
[1] 0.2857941
[1] "TRUE"
[1] 24
[1] 29
[1] 0.2915661
[1] "TRUE"
[1] 16
[1] 19
[1] 0.3679394
[1] "TRUE"
[1] 18
[1] 21
[1] 0.3746293
[1] "TRUE"
[1] 10
[1] 13
[1] 0.3388197
[1] "TRUE"
[1] 9
[1] 12
[1] 0.3318119
[1] "TRUE"
[1] 9
[1] 12
[1] 0.3318119
[1] "TRUE"
[1] 10
[1] 13
[1] 0.3388197
[1] "TRUE"
[1] 11
[1] 14
[1] 0.345019
[1] "TRUE"
[1] 14
[1] 17
[1] 0.3600501
[1] "TRUE"
[1] 11
[1] 14
[1] 0.345019
[1] "TRUE"
[1] 17
[1] 21
[1] 0.3135513
[1] "TRUE"
[1] 15
[1] 18
[1] 0.3641662
[1] "TRUE"
[1] 12
[1] 15
[1] 0.350554
[1] "TRUE"
[1] 16
[1] 20
[1] 0.3088597
[1] "TRUE"
[1] 12
[1] 15
[1] 0.350554
[1] "TRUE"
[1] 14
[1] 17
[1] 0.3600501
[1] "TRUE"
[1] 11
[1] 14
[1] 0.345019
[1] "TRUE"
[1] 15
[1] 21
[1] 0.2025161
[1] "TRUE"
[1] 13
[1] 16
[1] 0.3555356
[1] "TRUE"
[1] 20
[1] 23
[1] 0.3803958
[1] "TRUE"
[1] 14
[1] 18
[1] 0.2983074
[1] "TRUE"
[1] 11
[1] 14
[1] 0.345019
[1] "TRUE"
[1] 13
[1] 16
[1] 0.3555356
[1] "TRUE"
[1] 11
[1] 14
[1] 0.345019
[1] "TRUE"
[1] 18
[1] 24
[1] 0.2203995
[1] "TRUE"
[1] 14
[1] 17
[1] 0.3600501
[1] "TRUE"
[1] 15
[1] 19
[1] 0.3037957
[1] "TRUE"
[1] 15
[1] 18
[1] 0.3641662
[1] "TRUE"
[1] 17
[1] 22
[1] 0.2611987
[1] "TRUE"
[1] 13
[1] 19
[1] 0.1885428
[1] "TRUE"
[1] 14
[1] 19
[1] 0.2434251
[1] "TRUE"
[1] 21
[1] 26
[1] 0.2800323
[1] "TRUE"
[1] 16
[1] 19
[1] 0.3679394
[1] "TRUE"
[1] 11
[1] 14
[1] 0.345019
[1] "TRUE"
[1] 24
[1] 30
[1] 0.2483087
[1] "TRUE"
[1] 13
[1] 16
[1] 0.3555356
[1] "TRUE"
[1] 14
[1] 19
[1] 0.2434251
[1] "TRUE"
[1] 14
[1] 18
[1] 0.2983074
[1] "TRUE"
[1] 16
[1] 19
[1] 0.3679394
[1] "TRUE"
[1] 12
[1] 15
[1] 0.350554
[1] "TRUE"
[1] 12
[1] 15
[1] 0.350554
[1] "TRUE"
[1] 14
[1] 18
[1] 0.2983074
[1] "TRUE"
[1] 26
[1] 31
[1] 0.2983209
[1] "TRUE"
[1] 13
[1] 16
[1] 0.3555356
[1] "TRUE"
[1] 20
[1] 24
[1] 0.3257939
[1] "TRUE"
[1] 21
[1] 25
[1] 0.329369
[1] "TRUE"
[1] 17
[1] 20
[1] 0.3714147
[1] "TRUE"
[1] 26
[1] 31
[1] 0.2983209
[1] "TRUE"
[1] 14
[1] 17
[1] 0.3600501
[1] "TRUE"
[1] 15
[1] 18
[1] 0.3641662
[1] "TRUE"
[1] 17
[1] 21
[1] 0.3135513
[1] "TRUE"
[1] 18
[1] 22
[1] 0.317914
[1] "TRUE"
[1] 15
[1] 20
[1] 0.2497799
[1] "TRUE"
[1] 13
[1] 16
[1] 0.3555356
[1] "TRUE"
[1] 18
[1] 22
[1] 0.317914
[1] "TRUE"
[1] 15
[1] 18
[1] 0.3641662
[1] "TRUE"
[1] 10
[1] 13
[1] 0.3388197
[1] "TRUE"
[1] 19
[1] 24
[1] 0.271192
[1] "TRUE"
[1] 21
[1] 25
[1] 0.329369
[1] "TRUE"
[1] 16
[1] 20
[1] 0.3088597
[1] "TRUE"
[1] 15
[1] 19
[1] 0.3037957
[1] "TRUE"
[1] 15
[1] 19
[1] 0.3037957
[1] "TRUE"
[1] 26
[1] 30
[1] 0.3444399
[1] "TRUE"
[1] 14
[1] 17
[1] 0.3600501
[1] "TRUE"
[1] 11
[1] 15
[1] 0.2785985
[1] "TRUE"
[1] 23
[1] 28
[1] 0.2879247
[1] "TRUE"
[1] 28
[1] 32
[1] 0.3494417
[1] "TRUE"
[1] 14
[1] 17
[1] 0.3600501
[1] "TRUE"
[1] 14
[1] 17
[1] 0.3600501
[1] "TRUE"
[1] 13
[1] 16
[1] 0.3555356
[1] "TRUE"
[1] 16
[1] 19
[1] 0.3679394
[1] "TRUE"
[1] 9
[1] 12
[1] 0.3318119
[1] "TRUE"
[1] 14
[1] 19
[1] 0.2434251
[1] "TRUE"
[1] 20
[1] 30
[1] 0.1013194
[1] "TRUE"
[1] 20
[1] 24
[1] 0.3257939
[1] "TRUE"
[1] 16
[1] 19
[1] 0.3679394
[1] "TRUE"
[1] 15
[1] 19
[1] 0.3037957
[1] "TRUE"
[1] 11
[1] 14
[1] 0.345019
[1] "TRUE"
[1] 20
[1] 23
[1] 0.3803958
[1] "TRUE"
[1] 21
[1] 27
[1] 0.2354395
[1] "TRUE"
[1] 18
[1] 25
[1] 0.1801888
[1] "TRUE"
[1] 16
[1] 19
[1] 0.3679394
[1] "TRUE"
[1] 24
[1] 28
[1] 0.3389043
[1] "TRUE"
[1] 17
[1] 21
[1] 0.3135513
[1] "TRUE"
[1] 10
[1] 14
[1] 0.2706281
[1] "TRUE"
[1] 17
[1] 20
[1] 0.3714147
[1] "TRUE"
[1] 10
[1] 13
[1] 0.3388197
[1] "TRUE"
[1] 15
[1] 18
[1] 0.3641662
[1] "TRUE"
[1] 17
[1] 20
[1] 0.3714147
[1] "TRUE"
[1] 14
[1] 18
[1] 0.2983074
[1] "TRUE"
[1] 15
[1] 18
[1] 0.3641662
[1] "TRUE"
[1] 11
[1] 14
[1] 0.345019
[1] "TRUE"
[1] 10
[1] 13
[1] 0.3388197
[1] "TRUE"
[1] 10
[1] 13
[1] 0.3388197
[1] "TRUE"
[1] 15
[1] 18
[1] 0.3641662
[1] "TRUE"
[1] 23
[1] 27
[1] 0.3359055
[1] "TRUE"
[1] 23
[1] 28
[1] 0.2879247
[1] "TRUE"
[1] 16
[1] 19
[1] 0.3679394
[1] "TRUE"
[1] 10
[1] 14
[1] 0.2706281
[1] "TRUE"
[1] 17
[1] 20
[1] 0.3714147
[1] "TRUE"
[1] 14
[1] 17
[1] 0.3600501
[1] "TRUE"
[1] 17
[1] 20
[1] 0.3714147
[1] "TRUE"
[1] 11
[1] 14
[1] 0.345019
[1] "TRUE"
[1] 18
[1] 22
[1] 0.317914
[1] "TRUE"
[1] 17
[1] 20
[1] 0.3714147
[1] "TRUE"
[1] 11
[1] 14
[1] 0.345019
[1] "TRUE"
[1] 16
[1] 22
[1] 0.2088461
[1] "TRUE"
[1] 16
[1] 22
[1] 0.2088461
[1] "TRUE"
[1] 18
[1] 23
[1] 0.2663546
[1] "TRUE"
[1] 12
[1] 16
[1] 0.2857941
[1] "TRUE"
[1] 24
[1] 28
[1] 0.3389043
[1] "TRUE"
[1] 25
[1] 30
[1] 0.2950267
[1] "TRUE"
[1] 16
[1] 19
[1] 0.3679394
[1] "TRUE"
[1] 14
[1] 18
[1] 0.2983074
[1] "TRUE"
[1] 14
[1] 17
[1] 0.3600501
[1] "TRUE"
[1] 12
[1] 15
[1] 0.350554
[1] "TRUE"
[1] 10
[1] 14
[1] 0.2706281
[1] "TRUE"
[1] 16
[1] 20
[1] 0.3088597
[1] "TRUE"
[1] 14
[1] 17
[1] 0.3600501
[1] "TRUE"
[1] 29
[1] 34
[1] 0.3073275
[1] "TRUE"
[1] 16
[1] 20
[1] 0.3088597
[1] "TRUE"
[1] 17
[1] 20
[1] 0.3714147
[1] "TRUE"
[1] 17
[1] 21
[1] 0.3135513
[1] "TRUE"
[1] 20
[1] 23
[1] 0.3803958
[1] "TRUE"
[1] 15
[1] 19
[1] 0.3037957
[1] "TRUE"
[1] 19
[1] 24
[1] 0.271192
[1] "TRUE"
[1] 19
[1] 23
[1] 0.3219845
[1] "TRUE"
[1] 20
[1] 24
[1] 0.3257939
[1] "TRUE"
[1] 15
[1] 18
[1] 0.3641662
[1] "TRUE"
[1] 15
[1] 19
[1] 0.3037957
[1] "TRUE"
[1] 14
[1] 17
[1] 0.3600501
[1] "TRUE"
[1] 14
[1] 17
[1] 0.3600501
[1] "TRUE"
[1] 9
[1] 12
[1] 0.3318119
[1] "TRUE"
[1] 16
[1] 19
[1] 0.3679394
[1] "TRUE"
[1] 14
[1] 17
[1] 0.3600501
[1] "TRUE"
[1] 17
[1] 20
[1] 0.3714147
[1] "TRUE"
[1] 26
[1] 31
[1] 0.2983209
[1] "TRUE"
[1] 17
[1] 20
[1] 0.3714147
[1] "TRUE"
[1] 18
[1] 22
[1] 0.317914
[1] "TRUE"
[1] 16
[1] 20
[1] 0.3088597
[1] "TRUE"
[1] 17
[1] 21
[1] 0.3135513
[1] "TRUE"
[1] 15
[1] 19
[1] 0.3037957
[1] "TRUE"
[1] 19
[1] 23
[1] 0.3219845
[1] "TRUE"
[1] 31
[1] 35
[1] 0.3561154
[1] "TRUE"
[1] 14
[1] 17
[1] 0.3600501
[1] "TRUE"
[1] 17
[1] 21
[1] 0.3135513
[1] "TRUE"
[1] 21
[1] 27
[1] 0.2354395
[1] "TRUE"
[1] 22
[1] 27
[1] 0.2840862
[1] "TRUE"
[1] 24
[1] 28
[1] 0.3389043
[1] "TRUE"
[1] 17
[1] 20
[1] 0.3714147
[1] "TRUE"
[1] 15
[1] 18
[1] 0.3641662
[1] "TRUE"
[1] 14
[1] 18
[1] 0.2983074
[1] "TRUE"
[1] 16
[1] 19
[1] 0.3679394
[1] "TRUE"
[1] 17
[1] 21
[1] 0.3135513
[1] "TRUE"
[1] 13
[1] 16
[1] 0.3555356
[1] "TRUE"
[1] 13
[1] 16
[1] 0.3555356
[1] "TRUE"
[1] 12
[1] 16
[1] 0.2857941
[1] "TRUE"
[1] 12
[1] 16
[1] 0.2857941
[1] "TRUE"
[1] 12
[1] 16
[1] 0.2857941
[1] "TRUE"
[1] 13
[1] 16
[1] 0.3555356
[1] "TRUE"
[1] 13
[1] 16
[1] 0.3555356
[1] "TRUE"
[1] 12
[1] 16
[1] 0.2857941
[1] "TRUE"
[1] 13
[1] 16
[1] 0.3555356
[1] "TRUE"
[1] 13
[1] 16
[1] 0.3555356
[1] "TRUE"
[1] 13
[1] 16
[1] 0.3555356
[1] "TRUE"
[1] 12
[1] 16
[1] 0.2857941
[1] "TRUE"
[1] 14
[1] 18
[1] 0.2983074
[1] "TRUE"
[1] 15
[1] 18
[1] 0.3641662
[1] "TRUE"
[1] 15
[1] 18
[1] 0.3641662
[1] "TRUE"
[1] 14
[1] 18
[1] 0.2983074
[1] "TRUE"
[1] 15
[1] 18
[1] 0.3641662
[1] "TRUE"
[1] 14
[1] 18
[1] 0.2983074
[1] "TRUE"
[1] 13
[1] 17
[1] 0.2923324
[1] "TRUE"
[1] 13
[1] 17
[1] 0.2923324
[1] "TRUE"
[1] 14
[1] 18
[1] 0.2983074
[1] "TRUE"
[1] 15
[1] 18
[1] 0.3641662
[1] "TRUE"
[1] 14
[1] 18
[1] 0.2983074
[1] "TRUE"
[1] 15
[1] 18
[1] 0.3641662
[1] "TRUE"
[1] 14
[1] 18
[1] 0.2983074
[1] "TRUE"
[1] 14
[1] 18
[1] 0.2983074
[1] "TRUE"
[1] 13
[1] 16
[1] 0.3555356
[1] "TRUE"
[1] 16
[1] 19
[1] 0.3679394
[1] "TRUE"
[1] 17
[1] 20
[1] 0.3714147
[1] "TRUE"
[1] 16
[1] 20
[1] 0.3088597
[1] "TRUE"
[1] 11
[1] 14
[1] 0.345019
[1] "TRUE"
[1] 14
[1] 17
[1] 0.3600501
[1] "TRUE"
[1] 16
[1] 20
[1] 0.3088597
[1] "TRUE"
[1] 11
[1] 14
[1] 0.345019
[1] "TRUE"
[1] 29
[1] 33
[1] 0.3517683
[1] "TRUE"
[1] 11
[1] 14
[1] 0.345019
[1] "TRUE"
[1] 16
[1] 20
[1] 0.3088597
[1] "TRUE"
[1] 16
[1] 19
[1] 0.3679394
[1] "TRUE"
[1] 15
[1] 19
[1] 0.3037957
[1] "TRUE"
[1] 16
[1] 19
[1] 0.3679394
[1] "TRUE"
[1] 25
[1] 29
[1] 0.3417446
[1] "TRUE"
[1] 17
[1] 21
[1] 0.3135513
[1] "TRUE"
[1] 17
[1] 21
[1] 0.3135513
[1] "TRUE"
[1] 22
[1] 27
[1] 0.2840862
[1] "TRUE"
[1] 14
[1] 17
[1] 0.3600501
[1] "TRUE"
[1] 15
[1] 18
[1] 0.3641662
[1] "TRUE"
[1] 12
[1] 15
[1] 0.350554
[1] "TRUE"
[1] 17
[1] 20
[1] 0.3714147
[1] "TRUE"
[1] 16
[1] 19
[1] 0.3679394
[1] "TRUE"
[1] 29
[1] 35
[1] 0.2661544
[1] "TRUE"
[1] 22
[1] 26
[1] 0.3327329
[1] "TRUE"
[1] 22
[1] 26
[1] 0.3327329
[1] "TRUE"
[1] 22
[1] 27
[1] 0.2840862
[1] "TRUE"
[1] 17
[1] 21
[1] 0.3135513
[1] "TRUE"
[1] 9
[1] 12
[1] 0.3318119
[1] "TRUE"
[1] 14
[1] 17
[1] 0.3600501
[1] "TRUE"
[1] 16
[1] 20
[1] 0.3088597
[1] "TRUE"
[1] 24
[1] 30
[1] 0.2483087
[1] "TRUE"
[1] 20
[1] 24
[1] 0.3257939
[1] "TRUE"
[1] 19
[1] 23
[1] 0.3219845
[1] "TRUE"
[1] 17
[1] 20
[1] 0.3714147
[1] "TRUE"
[1] 17
[1] 21
[1] 0.3135513
[1] "TRUE"
[1] 16
[1] 19
[1] 0.3679394
[1] "TRUE"
[1] 16
[1] 19
[1] 0.3679394
[1] "TRUE"
[1] 16
[1] 19
[1] 0.3679394
[1] "TRUE"
[1] 18
[1] 21
[1] 0.3746293
[1] "TRUE"
[1] 19
[1] 23
[1] 0.3219845
[1] "TRUE"
[1] 15
[1] 20
[1] 0.2497799
[1] "TRUE"
[1] 16
[1] 21
[1] 0.2556879
[1] "TRUE"
[1] 16
[1] 21
[1] 0.2556879
[1] "TRUE"
[1] 29
[1] 34
[1] 0.3073275
[1] "TRUE"
[1] 12
[1] 15
[1] 0.350554
[1] "TRUE"
[1] 21
[1] 25
[1] 0.329369
[1] "TRUE"
[1] 28
[1] 32
[1] 0.3494417
[1] "TRUE"
[1] 14
[1] 17
[1] 0.3600501
[1] "TRUE"
[1] 15
[1] 18
[1] 0.3641662
[1] "TRUE"
[1] 29
[1] 33
[1] 0.3517683
[1] "TRUE"
[1] 19
[1] 23
[1] 0.3219845
[1] "TRUE"
[1] 27
[1] 31
[1] 0.347002
[1] "TRUE"
[1] 14
[1] 17
[1] 0.3600501
[1] "TRUE"
[1] 11
[1] 14
[1] 0.345019
[1] "TRUE"
[1] 14
[1] 17
[1] 0.3600501
[1] "TRUE"
[1] 15
[1] 19
[1] 0.3037957
[1] "TRUE"
[1] 23
[1] 27
[1] 0.3359055
[1] "TRUE"
[1] 15
[1] 21
[1] 0.2025161
[1] "TRUE"
[1] 15
[1] 21
[1] 0.2025161
[1] "TRUE"
[1] 14
[1] 17
[1] 0.3600501
[1] "TRUE"
[1] 27
[1] 33
[1] 0.259479
[1] "TRUE"
[1] 11
[1] 14
[1] 0.345019
[1] "TRUE"
[1] 12
[1] 16
[1] 0.2857941
[1] "TRUE"
[1] 18
[1] 22
[1] 0.317914
[1] "TRUE"
[1] 16
[1] 20
[1] 0.3088597
[1] "TRUE"
[1] 17
[1] 21
[1] 0.3135513
[1] "TRUE"
[1] 25
[1] 29
[1] 0.3417446
[1] "TRUE"
[1] 15
[1] 19
[1] 0.3037957
[1] "TRUE"
[1] 13
[1] 17
[1] 0.2923324
[1] "TRUE"
[1] 13
[1] 17
[1] 0.2923324
[1] "TRUE"
[1] 30
[1] 34
[1] 0.3539904
[1] "TRUE"
[1] 16
[1] 19
[1] 0.3679394
[1] "TRUE"
[1] 16
[1] 21
[1] 0.2556879
[1] "TRUE"
[1] 17
[1] 20
[1] 0.3714147
[1] "TRUE"
[1] 15
[1] 18
[1] 0.3641662
[1] "TRUE"
[1] 17
[1] 21
[1] 0.3135513
[1] "TRUE"
[1] 15
[1] 20
[1] 0.2497799
[1] "TRUE"
[1] 13
[1] 16
[1] 0.3555356
[1] "TRUE"
[1] 12
[1] 16
[1] 0.2857941
[1] "TRUE"
[1] 16
[1] 19
[1] 0.3679394
[1] "TRUE"
[1] 10
[1] 13
[1] 0.3388197
[1] "TRUE"
[1] 10
[1] 13
[1] 0.3388197
[1] "TRUE"
[1] 9
[1] 13
[1] 0.2617335
[1] "TRUE"
[1] 9
[1] 13
[1] 0.2617335
[1] "TRUE"
[1] 11
[1] 15
[1] 0.2785985
[1] "TRUE"
[1] 12
[1] 15
[1] 0.350554
[1] "TRUE"
[1] 13
[1] 16
[1] 0.3555356
[1] "TRUE"
[1] 12
[1] 16
[1] 0.2857941
[1] "TRUE"
[1] 12
[1] 16
[1] 0.2857941
[1] "TRUE"
[1] 13
[1] 16
[1] 0.3555356
[1] "TRUE"
[1] 12
[1] 16
[1] 0.2857941
[1] "TRUE"
[1] 15
[1] 18
[1] 0.3641662
[1] "TRUE"
[1] 17
[1] 20
[1] 0.3714147
[1] "TRUE"
[1] 18
[1] 22
[1] 0.317914
[1] "TRUE"
[1] 19
[1] 22
[1] 0.3776143
[1] "TRUE"
[1] 18
[1] 22
[1] 0.317914
[1] "TRUE"
[1] 19
[1] 22
[1] 0.3776143
[1] "TRUE"
[1] 18
[1] 22
[1] 0.317914
[1] "TRUE"
[1] 19
[1] 22
[1] 0.3776143
[1] "TRUE"
[1] 19
[1] 22
[1] 0.3776143
[1] "TRUE"
[1] 19
[1] 22
[1] 0.3776143
[1] "TRUE"
[1] 19
[1] 24
[1] 0.271192
[1] "TRUE"
[1] 24
[1] 31
[1] 0.2093771
[1] "TRUE"
[1] 13
[1] 16
[1] 0.3555356
[1] "TRUE"
[1] 20
[1] 24
[1] 0.3257939
[1] "TRUE"
[1] 20
[1] 24
[1] 0.3257939
[1] "TRUE"
[1] 22
[1] 26
[1] 0.3327329
[1] "TRUE"
[1] 12
[1] 15
[1] 0.350554
[1] "TRUE"
[1] 17
[1] 20
[1] 0.3714147
[1] "TRUE"
[1] 17
[1] 20
[1] 0.3714147
[1] "TRUE"
[1] 26
[1] 30
[1] 0.3444399
[1] "TRUE"
[1] 14
[1] 17
[1] 0.3600501
[1] "TRUE"
[1] 14
[1] 18
[1] 0.2983074
[1] "TRUE"
[1] 10
[1] 13
[1] 0.3388197
[1] "TRUE"
[1] 19
[1] 23
[1] 0.3219845
[1] "TRUE"
[1] 24
[1] 28
[1] 0.3389043
[1] "TRUE"
[1] 14
[1] 18
[1] 0.2983074
[1] "TRUE"
[1] 11
[1] 14
[1] 0.345019
[1] "TRUE"
[1] 19
[1] 22
[1] 0.3776143
[1] "TRUE"
[1] 18
[1] 22
[1] 0.317914
[1] "TRUE"
[1] 13
[1] 16
[1] 0.3555356
[1] "TRUE"
[1] 23
[1] 27
[1] 0.3359055
[1] "TRUE"
[1] 21
[1] 25
[1] 0.329369
[1] "TRUE"
[1] 28
[1] 32
[1] 0.3494417
[1] "TRUE"
[1] 23
[1] 28
[1] 0.2879247
[1] "TRUE"
[1] 30
[1] 35
[1] 0.3100724
[1] "TRUE"
[1] 19
[1] 23
[1] 0.3219845
[1] "TRUE"
[1] 18
[1] 21
[1] 0.3746293
[1] "TRUE"
[1] 18
[1] 22
[1] 0.317914
[1] "TRUE"
[1] 30
[1] 34
[1] 0.3539904
[1] "TRUE"
[1] 17
[1] 20
[1] 0.3714147
[1] "TRUE"
[1] 15
[1] 18
[1] 0.3641662
[1] "TRUE"
[1] 29
[1] 33
[1] 0.3517683
[1] "TRUE"
[1] 13
[1] 17
[1] 0.2923324
[1] "TRUE"
[1] 24
[1] 27
[1] 0.389884
[1] "TRUE"
[1] 24
[1] 28
[1] 0.3389043
[1] "TRUE"
[1] 14
[1] 19
[1] 0.2434251
[1] "TRUE"
[1] 11
[1] 15
[1] 0.2785985
[1] "TRUE"
[1] 13
[1] 16
[1] 0.3555356
[1] "TRUE"
[1] 25
[1] 29
[1] 0.3417446
[1] "TRUE"
[1] 14
[1] 17
[1] 0.3600501
[1] "TRUE"
[1] 15
[1] 19
[1] 0.3037957
[1] "TRUE"
[1] 24
[1] 29
[1] 0.2915661
[1] "TRUE"
[1] 14
[1] 17
[1] 0.3600501
[1] "TRUE"
[1] 11
[1] 14
[1] 0.345019
[1] "TRUE"
[1] 16
[1] 19
[1] 0.3679394
[1] "TRUE"
[1] 17
[1] 23
[1] 0.2147953
[1] "TRUE"
[1] 15
[1] 18
[1] 0.3641662
[1] "TRUE"
[1] 19
[1] 22
[1] 0.3776143
[1] "TRUE"
[1] 30
[1] 36
[1] 0.2692914
[1] "TRUE"
[1] 17
[1] 21
[1] 0.3135513
[1] "TRUE"
[1] 16
[1] 20
[1] 0.3088597
[1] "TRUE"
[1] 9
[1] 12
[1] 0.3318119
[1] "TRUE"
[1] 18
[1] 22
[1] 0.317914
[1] "TRUE"
[1] 11
[1] 14
[1] 0.345019
[1] "TRUE"
[1] 11
[1] 14
[1] 0.345019
[1] "TRUE"
[1] 11
[1] 14
[1] 0.345019
[1] "TRUE"
[1] 13
[1] 16
[1] 0.3555356
[1] "TRUE"
[1] 16
[1] 19
[1] 0.3679394
[1] "TRUE"
[1] 18
[1] 22
[1] 0.317914
[1] "TRUE"
[1] 10
[1] 13
[1] 0.3388197
[1] "TRUE"
[1] 11
[1] 14
[1] 0.345019
[1] "TRUE"
[1] 12
[1] 15
[1] 0.350554
[1] "TRUE"
[1] 12
[1] 15
[1] 0.350554
[1] "TRUE"
[1] 11
[1] 15
[1] 0.2785985
[1] "TRUE"
[1] 14
[1] 18
[1] 0.2983074
[1] "TRUE"
[1] 20
[1] 25
[1] 0.2757422
[1] "TRUE"
[1] 14
[1] 17
[1] 0.3600501
[1] "TRUE"
[1] 30
[1] 36
[1] 0.2692914
[1] "TRUE"
[1] 21
[1] 25
[1] 0.329369
[1] "TRUE"
[1] 17
[1] 20
[1] 0.3714147
[1] "TRUE"
[1] 22
[1] 26
[1] 0.3327329
[1] "TRUE"
[1] 16
[1] 20
[1] 0.3088597
[1] "TRUE"
[1] 7
[1] 11
[1] 0.2403412
[1] "TRUE"
[1] 11
[1] 14
[1] 0.345019
[1] "TRUE"
[1] 20
[1] 27
[1] 0.1908467
[1] "TRUE"
[1] 15
[1] 20
[1] 0.2497799
[1] "TRUE"
[1] 17
[1] 20
[1] 0.3714147
[1] "TRUE"
[1] 16
[1] 21
[1] 0.2556879
[1] "TRUE"
[1] 15
[1] 18
[1] 0.3641662
[1] "TRUE"
[1] 17
[1] 22
[1] 0.2611987
[1] "TRUE"
[1] 15
[1] 18
[1] 0.3641662
[1] "TRUE"
[1] 14
[1] 17
[1] 0.3600501
[1] "TRUE"
[1] 18
[1] 21
[1] 0.3746293
[1] "TRUE"
[1] 27
[1] 33
[1] 0.259479
[1] "TRUE"
[1] 18
[1] 22
[1] 0.317914
[1] "TRUE"
[1] 19
[1] 22
[1] 0.3776143
[1] "TRUE"
[1] 14
[1] 18
[1] 0.2983074
[1] "TRUE"
[1] 27
[1] 32
[1] 0.3014616
[1] "TRUE"
[1] 16
[1] 20
[1] 0.3088597
[1] "TRUE"
[1] 16
[1] 19
[1] 0.3679394
[1] "TRUE"
[1] 15
[1] 18
[1] 0.3641662
[1] "TRUE"
[1] 19
[1] 24
[1] 0.271192
[1] "TRUE"
[1] 17
[1] 20
[1] 0.3714147
[1] "TRUE"
[1] 16
[1] 19
[1] 0.3679394
[1] "TRUE"
[1] 23
[1] 28
[1] 0.2879247
[1] "TRUE"
[1] 25
[1] 29
[1] 0.3417446
[1] "TRUE"
[1] 18
[1] 22
[1] 0.317914
[1] "TRUE"
[1] 15
[1] 19
[1] 0.3037957
[1] "TRUE"
[1] 18
[1] 22
[1] 0.317914
[1] "TRUE"
[1] 18
[1] 22
[1] 0.317914
[1] "TRUE"
[1] 17
[1] 20
[1] 0.3714147
[1] "TRUE"
[1] 11
[1] 14
[1] 0.345019
[1] "TRUE"
[1] 29
[1] 33
[1] 0.3517683
[1] "TRUE"
[1] 29
[1] 33
[1] 0.3517683
[1] "TRUE"
[1] 29
[1] 33
[1] 0.3517683
[1] "TRUE"
[1] 29
[1] 33
[1] 0.3517683
[1] "TRUE"
[1] 29
[1] 33
[1] 0.3517683
[1] "TRUE"
[1] 29
[1] 33
[1] 0.3517683
[1] "TRUE"
[1] 29
[1] 33
[1] 0.3517683
[1] "TRUE"
[1] 16
[1] 19
[1] 0.3679394
[1] "TRUE"
[1] 17
[1] 20
[1] 0.3714147
[1] "TRUE"
[1] 10
[1] 13
[1] 0.3388197
[1] "TRUE"
[1] 29
[1] 33
[1] 0.3517683
[1] "TRUE"
[1] 15
[1] 19
[1] 0.3037957
[1] "TRUE"
[1] 15
[1] 18
[1] 0.3641662
[1] "TRUE"
[1] 22
[1] 26
[1] 0.3327329
[1] "TRUE"
[1] 18
[1] 23
[1] 0.2663546
[1] "TRUE"
[1] 17
[1] 24
[1] 0.1744444
[1] "TRUE"
[1] 16
[1] 22
[1] 0.2088461
[1] "TRUE"
[1] 17
[1] 22
[1] 0.2611987
[1] "TRUE"
[1] 17
[1] 22
[1] 0.2611987
[1] "TRUE"
[1] 18
[1] 21
[1] 0.3746293
[1] "TRUE"
[1] 13
[1] 16
[1] 0.3555356
[1] "TRUE"
[1] 25
[1] 29
[1] 0.3417446
[1] "TRUE"
[1] 22
[1] 26
[1] 0.3327329
[1] "TRUE"
[1] 10
[1] 25
[1] 0.008336924
[1] 16
[1] 19
[1] 0.3679394
[1] "TRUE"
[1] 17
[1] 21
[1] 0.3135513
[1] "TRUE"
[1] 15
[1] 18
[1] 0.3641662
[1] "TRUE"
[1] 18
[1] 22
[1] 0.317914
[1] "TRUE"
[1] 16
[1] 19
[1] 0.3679394
[1] "TRUE"
[1] 12
[1] 15
[1] 0.350554
[1] "TRUE"
[1] 17
[1] 21
[1] 0.3135513
[1] "TRUE"
[1] 16
[1] 19
[1] 0.3679394
[1] "TRUE"
[1] 14
[1] 17
[1] 0.3600501
[1] "TRUE"
[1] 15
[1] 18
[1] 0.3641662
[1] "TRUE"
[1] 15
[1] 18
[1] 0.3641662
[1] "TRUE"
[1] 12
[1] 16
[1] 0.2857941
[1] "TRUE"
[1] 18
[1] 21
[1] 0.3746293
[1] "TRUE"
[1] 15
[1] 18
[1] 0.3641662
[1] "TRUE"
[1] 26
[1] 32
[1] 0.2559212
[1] "TRUE"
[1] 16
[1] 19
[1] 0.3679394
[1] "TRUE"
[1] 13
[1] 16
[1] 0.3555356
[1] "TRUE"
[1] 18
[1] 21
[1] 0.3746293
[1] "TRUE"
[1] 13
[1] 16
[1] 0.3555356
[1] "TRUE"
[1] 20
[1] 25
[1] 0.2757422
[1] "TRUE"
[1] 15
[1] 19
[1] 0.3037957
[1] "TRUE"
[1] 16
[1] 20
[1] 0.3088597
[1] "TRUE"
[1] 16
[1] 19
[1] 0.3679394
[1] "TRUE"
[1] 19
[1] 22
[1] 0.3776143
[1] "TRUE"
[1] 19
[1] 23
[1] 0.3219845
[1] "TRUE"
[1] 22
[1] 26
[1] 0.3327329
[1] "TRUE"
[1] 12
[1] 17
[1] 0.2291292
[1] "TRUE"
[1] 24
[1] 29
[1] 0.2915661
[1] "TRUE"
[1] 32
[1] 38
[1] 0.2752063
[1] "TRUE"
[1] 18
[1] 23
[1] 0.2663546
[1] "TRUE"
[1] 20
[1] 25
[1] 0.2757422
[1] "TRUE"
[1] 16
[1] 24
[1] 0.1340936
[1] "TRUE"
[1] 19
[1] 27
[1] 0.1509978
[1] "TRUE"
[1] 14
[1] 17
[1] 0.3600501
[1] "TRUE"
[1] 14
[1] 17
[1] 0.3600501
[1] "TRUE"
[1] 26
[1] 30
[1] 0.3444399
[1] "TRUE"
[1] 15
[1] 19
[1] 0.3037957
[1] "TRUE"
[1] 17
[1] 20
[1] 0.3714147
[1] "TRUE"
[1] 27
[1] 32
[1] 0.3014616
[1] "TRUE"
[1] 17
[1] 21
[1] 0.3135513
[1] "TRUE"
[1] 21
[1] 30
[1] 0.1312188
[1] "TRUE"
[1] 23
[1] 31
[1] 0.1704455
[1] "TRUE"
[1] 20
[1] 25
[1] 0.2757422
[1] "TRUE"
[1] 25
[1] 32
[1] 0.2135214
[1] "TRUE"
[1] 23
[1] 30
[1] 0.2050514
[1] "TRUE"
[1] 25
[1] 32
[1] 0.2135214
[1] "TRUE"
[1] 26
[1] 33
[1] 0.2174964
[1] "TRUE"
[1] 26
[1] 32
[1] 0.2559212
[1] "TRUE"
[1] 27
[1] 31
[1] 0.347002
[1] "TRUE"
[1] 14
[1] 17
[1] 0.3600501
[1] "TRUE"
[1] 16
[1] 20
[1] 0.3088597
[1] "TRUE"
[1] 16
[1] 20
[1] 0.3088597
[1] "TRUE"
[1] 16
[1] 21
[1] 0.2556879
[1] "TRUE"
[1] 15
[1] 20
[1] 0.2497799
[1] "TRUE"
[1] 14
[1] 19
[1] 0.2434251
[1] "TRUE"
[1] 13
[1] 16
[1] 0.3555356
[1] "TRUE"
[1] 12
[1] 16
[1] 0.2857941
[1] "TRUE"
[1] 11
[1] 15
[1] 0.2785985
[1] "TRUE"
[1] 18
[1] 23
[1] 0.2663546
[1] "TRUE"
[1] 14
[1] 17
[1] 0.3600501
[1] "TRUE"
[1] 14
[1] 17
[1] 0.3600501
[1] "TRUE"
[1] 14
[1] 17
[1] 0.3600501
[1] "TRUE"
[1] 15
[1] 18
[1] 0.3641662
[1] "TRUE"
[1] 15
[1] 18
[1] 0.3641662
[1] "TRUE"
[1] 14
[1] 17
[1] 0.3600501
[1] "TRUE"
[1] 21
[1] 27
[1] 0.2354395
[1] "TRUE"
[1] 26
[1] 30
[1] 0.3444399
[1] "TRUE"
[1] 18
[1] 22
[1] 0.317914
[1] "TRUE"
[1] 13
[1] 16
[1] 0.3555356
[1] "TRUE"
[1] 19
[1] 23
[1] 0.3219845
[1] "TRUE"
[1] 17
[1] 20
[1] 0.3714147
[1] "TRUE"
[1] 25
[1] 30
[1] 0.2950267
[1] "TRUE"
[1] 16
[1] 22
[1] 0.2088461
[1] "TRUE"
[1] 19
[1] 24
[1] 0.271192
[1] "TRUE"
[1] 16
[1] 19
[1] 0.3679394
[1] "TRUE"
[1] 20
[1] 24
[1] 0.3257939
[1] "TRUE"
[1] 29
[1] 33
[1] 0.3517683
[1] "TRUE"
[1] 20
[1] 26
[1] 0.2306956
[1] "TRUE"
[1] 22
[1] 26
[1] 0.3327329
[1] "TRUE"
[1] 16
[1] 19
[1] 0.3679394
[1] "TRUE"
[1] 26
[1] 32
[1] 0.2559212
[1] "TRUE"
[1] 15
[1] 18
[1] 0.3641662
[1] "TRUE"
[1] 11
[1] 14
[1] 0.345019
[1] "TRUE"
[1] 11
[1] 14
[1] 0.345019
[1] "TRUE"
[1] 14
[1] 17
[1] 0.3600501
[1] "TRUE"
[1] 18
[1] 21
[1] 0.3746293
[1] "TRUE"
[1] 33
[1] 38
[1] 0.3176538
[1] "TRUE"
[1] 20
[1] 24
[1] 0.3257939
[1] "TRUE"
[1] 18
[1] 26
[1] 0.1456076
[1] "TRUE"
[1] 19
[1] 24
[1] 0.271192
[1] "TRUE"
[1] 20
[1] 26
[1] 0.2306956
[1] "TRUE"
[1] 19
[1] 26
[1] 0.185649
[1] "TRUE"
[1] 22
[1] 29
[1] 0.200531
[1] "TRUE"
[1] 20
[1] 28
[1] 0.1561634
[1] "TRUE"
[1] 20
[1] 28
[1] 0.1561634
[1] "TRUE"
[1] 21
[1] 29
[1] 0.1611182
[1] "TRUE"
[1] 22
[1] 29
[1] 0.200531
[1] "TRUE"
[1] 7
[1] 11
[1] 0.2403412
[1] "TRUE"
[1] 19
[1] 23
[1] 0.3219845
[1] "TRUE"
[1] 20
[1] 24
[1] 0.3257939
[1] "TRUE"
[1] 12
[1] 16
[1] 0.2857941
[1] "TRUE"
[1] 10
[1] 15
[1] 0.2121781
[1] "TRUE"
[1] 18
[1] 21
[1] 0.3746293
[1] "TRUE"
[1] 15
[1] 18
[1] 0.3641662
[1] "TRUE"
[1] 22
[1] 26
[1] 0.3327329
[1] "TRUE"
[1] 14
[1] 18
[1] 0.2983074
[1] "TRUE"
[1] 11
[1] 14
[1] 0.345019
[1] "TRUE"
[1] 14
[1] 17
[1] 0.3600501
[1] "TRUE"
[1] 26
[1] 35
[1] 0.1528387
[1] "TRUE"
[1] 30
[1] 35
[1] 0.3100724
[1] "TRUE"
[1] 25
[1] 30
[1] 0.2950267
[1] "TRUE"
[1] 15
[1] 18
[1] 0.3641662
[1] "TRUE"
[1] 16
[1] 19
[1] 0.3679394
[1] "TRUE"
[1] 13
[1] 16
[1] 0.3555356
[1] "TRUE"
[1] 14
[1] 17
[1] 0.3600501
[1] "TRUE"
[1] 15
[1] 18
[1] 0.3641662
[1] "TRUE"
[1] 12
[1] 15
[1] 0.350554
[1] "TRUE"
[1] 14
[1] 17
[1] 0.3600501
[1] "TRUE"
[1] 14
[1] 17
[1] 0.3600501
[1] "TRUE"
[1] 26
[1] 30
[1] 0.3444399
[1] "TRUE"
[1] 15
[1] 19
[1] 0.3037957
[1] "TRUE"
[1] 24
[1] 28
[1] 0.3389043
[1] "TRUE"
[1] 16
[1] 19
[1] 0.3679394
[1] "TRUE"
[1] 17
[1] 20
[1] 0.3714147
[1] "TRUE"
[1] 17
[1] 20
[1] 0.3714147
[1] "TRUE"
[1] 30
[1] 34
[1] 0.3539904
[1] "TRUE"
[1] 18
[1] 22
[1] 0.317914
[1] "TRUE"
[1] 13
[1] 18
[1] 0.2365648
[1] "TRUE"
[1] 13
[1] 18
[1] 0.2365648
[1] "TRUE"
[1] 12
[1] 17
[1] 0.2291292
[1] "TRUE"
[1] 16
[1] 21
[1] 0.2556879
[1] "TRUE"
[1] 16
[1] 21
[1] 0.2556879
[1] "TRUE"
[1] 8
[1] 12
[1] 0.2517223
[1] "TRUE"
[1] 19
[1] 24
[1] 0.271192
[1] "TRUE"
[1] 13
[1] 17
[1] 0.2923324
[1] "TRUE"
[1] 11
[1] 14
[1] 0.345019
[1] "TRUE"
[1] 16
[1] 19
[1] 0.3679394
[1] "TRUE"
[1] 18
[1] 21
[1] 0.3746293
[1] "TRUE"
[1] 21
[1] 25
[1] 0.329369
[1] "TRUE"
[1] 11
[1] 14
[1] 0.345019
[1] "TRUE"
[1] 23
[1] 27
[1] 0.3359055
[1] "TRUE"
[1] 13
[1] 16
[1] 0.3555356
[1] "TRUE"
[1] 13
[1] 16
[1] 0.3555356
[1] "TRUE"
[1] 15
[1] 20
[1] 0.2497799
[1] "TRUE"
[1] 17
[1] 20
[1] 0.3714147
[1] "TRUE"
[1] 16
[1] 20
[1] 0.3088597
[1] "TRUE"
[1] 25
[1] 30
[1] 0.2950267
[1] "TRUE"
[1] 14
[1] 17
[1] 0.3600501
[1] "TRUE"
[1] 16
[1] 19
[1] 0.3679394
[1] "TRUE"
[1] 12
[1] 16
[1] 0.2857941
[1] "TRUE"
[1] 14
[1] 17
[1] 0.3600501
[1] "TRUE"
[1] 16
[1] 19
[1] 0.3679394
[1] "TRUE"
[1] 13
[1] 16
[1] 0.3555356
[1] "TRUE"
[1] 16
[1] 19
[1] 0.3679394
[1] "TRUE"
[1] 17
[1] 20
[1] 0.3714147
[1] "TRUE"
[1] 16
[1] 19
[1] 0.3679394
[1] "TRUE"
[1] 15
[1] 19
[1] 0.3037957
[1] "TRUE"
[1] 18
[1] 21
[1] 0.3746293
[1] "TRUE"
[1] 24
[1] 29
[1] 0.2915661
[1] "TRUE"
[1] 14
[1] 17
[1] 0.3600501
[1] "TRUE"
[1] 14
[1] 18
[1] 0.2983074
[1] "TRUE"
[1] 13
[1] 16
[1] 0.3555356
[1] "TRUE"
[1] 32
[1] 36
[1] 0.3581504
[1] "TRUE"
[1] 25
[1] 29
[1] 0.3417446
[1] "TRUE"
[1] 14
[1] 17
[1] 0.3600501
[1] "TRUE"
[1] 11
[1] 14
[1] 0.345019
[1] "TRUE"
[1] 9
[1] 13
[1] 0.2617335
[1] "TRUE"
[1] 9
[1] 13
[1] 0.2617335
[1] "TRUE"
[1] 14
[1] 17
[1] 0.3600501
[1] "TRUE"
[1] 11
[1] 16
[1] 0.2210342
[1] "TRUE"
[1] 16
[1] 19
[1] 0.3679394
[1] "TRUE"
[1] 18
[1] 21
[1] 0.3746293
[1] "TRUE"
[1] 18
[1] 22
[1] 0.317914
[1] "TRUE"
[1] 22
[1] 26
[1] 0.3327329
[1] "TRUE"
[1] 14
[1] 17
[1] 0.3600501
[1] "TRUE"
[1] 15
[1] 18
[1] 0.3641662
[1] "TRUE"
[1] 21
[1] 28
[1] 0.1958015
[1] "TRUE"
[1] 14
[1] 17
[1] 0.3600501
[1] "TRUE"
[1] 20
[1] 24
[1] 0.3257939
[1] "TRUE"
[1] 28
[1] 34
[1] 0.2628867
[1] "TRUE"
[1] 10
[1] 14
[1] 0.2706281
[1] "TRUE"
[1] 22
[1] 26
[1] 0.3327329
[1] "TRUE"
[1] 12
[1] 15
[1] 0.350554
[1] "TRUE"
[1] 12
[1] 16
[1] 0.2857941
[1] "TRUE"
[1] 16
[1] 19
[1] 0.3679394
[1] "TRUE"
[1] 17
[1] 21
[1] 0.3135513
[1] "TRUE"
[1] 16
[1] 19
[1] 0.3679394
[1] "TRUE"
[1] 16
[1] 19
[1] 0.3679394
[1] "TRUE"
[1] 13
[1] 17
[1] 0.2923324
[1] "TRUE"
[1] 15
[1] 18
[1] 0.3641662
[1] "TRUE"
[1] 26
[1] 30
[1] 0.3444399
[1] "TRUE"
[1] 19
[1] 23
[1] 0.3219845
[1] "TRUE"
[1] 12
[1] 15
[1] 0.350554
[1] "TRUE"
[1] 16
[1] 21
[1] 0.2556879
[1] "TRUE"
[1] 17
[1] 20
[1] 0.3714147
[1] "TRUE"
[1] 12
[1] 16
[1] 0.2857941
[1] "TRUE"
[1] 15
[1] 18
[1] 0.3641662
[1] "TRUE"
[1] 12
[1] 15
[1] 0.350554
[1] "TRUE"
[1] 22
[1] 27
[1] 0.2840862
[1] "TRUE"
[1] 22
[1] 27
[1] 0.2840862
[1] "TRUE"
[1] 23
[1] 28
[1] 0.2879247
[1] "TRUE"
[1] 14
[1] 18
[1] 0.2983074
[1] "TRUE"
[1] 13
[1] 17
[1] 0.2923324
[1] "TRUE"
[1] 14
[1] 17
[1] 0.3600501
[1] "TRUE"
[1] 14
[1] 17
[1] 0.3600501
[1] "TRUE"
[1] 14
[1] 17
[1] 0.3600501
[1] "TRUE"
[1] 14
[1] 18
[1] 0.2983074
[1] "TRUE"
[1] 20
[1] 24
[1] 0.3257939
[1] "TRUE"
[1] 26
[1] 30
[1] 0.3444399
[1] "TRUE"
[1] 12
[1] 15
[1] 0.350554
[1] "TRUE"
[1] 16
[1] 19
[1] 0.3679394
[1] "TRUE"
[1] 21
[1] 25
[1] 0.329369
[1] "TRUE"
[1] 18
[1] 21
[1] 0.3746293
[1] "TRUE"
[1] 15
[1] 19
[1] 0.3037957
[1] "TRUE"
[1] 15
[1] 18
[1] 0.3641662
[1] "TRUE"
[1] 17
[1] 20
[1] 0.3714147
[1] "TRUE"
[1] 17
[1] 20
[1] 0.3714147
[1] "TRUE"
[1] 17
[1] 21
[1] 0.3135513
[1] "TRUE"
[1] 15
[1] 19
[1] 0.3037957
[1] "TRUE"
[1] 14
[1] 17
[1] 0.3600501
[1] "TRUE"
[1] 16
[1] 19
[1] 0.3679394
[1] "TRUE"
[1] 14
[1] 18
[1] 0.2983074
[1] "TRUE"
[1] 14
[1] 17
[1] 0.3600501
[1] "TRUE"
[1] 17
[1] 20
[1] 0.3714147
[1] "TRUE"
[1] 28
[1] 34
[1] 0.2628867
[1] "TRUE"
[1] 15
[1] 18
[1] 0.3641662
[1] "TRUE"
[1] 17
[1] 20
[1] 0.3714147
[1] "TRUE"
[1] 14
[1] 18
[1] 0.2983074
[1] "TRUE"
[1] 15
[1] 18
[1] 0.3641662
[1] "TRUE"
[1] 19
[1] 22
[1] 0.3776143
[1] "TRUE"
[1] 22
[1] 26
[1] 0.3327329
[1] "TRUE"
[1] 17
[1] 21
[1] 0.3135513
[1] "TRUE"
[1] 21
[1] 25
[1] 0.329369
[1] "TRUE"
[1] 20
[1] 24
[1] 0.3257939
[1] "TRUE"
[1] 15
[1] 18
[1] 0.3641662
[1] "TRUE"
[1] 25
[1] 29
[1] 0.3417446
[1] "TRUE"
[1] 15
[1] 18
[1] 0.3641662
[1] "TRUE"
[1] 11
[1] 14
[1] 0.345019
[1] "TRUE"
[1] 14
[1] 17
[1] 0.3600501
[1] "TRUE"
[1] 15
[1] 24
[1] 0.09979543
[1] "TRUE"
[1] 15
[1] 18
[1] 0.3641662
[1] "TRUE"
[1] 12
[1] 15
[1] 0.350554
[1] "TRUE"
[1] 11
[1] 14
[1] 0.345019
[1] "TRUE"
[1] 11
[1] 14
[1] 0.345019
[1] "TRUE"
[1] 11
[1] 14
[1] 0.345019
[1] "TRUE"
[1] 14
[1] 17
[1] 0.3600501
[1] "TRUE"
[1] 16
[1] 19
[1] 0.3679394
[1] "TRUE"
[1] 18
[1] 22
[1] 0.317914
[1] "TRUE"
[1] 19
[1] 22
[1] 0.3776143
[1] "TRUE"
[1] 25
[1] 29
[1] 0.3417446
[1] "TRUE"
[1] 10
[1] 14
[1] 0.2706281
[1] "TRUE"
[1] 12
[1] 15
[1] 0.350554
[1] "TRUE"
[1] 11
[1] 14
[1] 0.345019
[1] "TRUE"
[1] 27
[1] 31
[1] 0.347002
[1] "TRUE"
[1] 20
[1] 24
[1] 0.3257939
[1] "TRUE"
[1] 19
[1] 23
[1] 0.3219845
[1] "TRUE"
[1] 15
[1] 19
[1] 0.3037957
[1] "TRUE"
[1] 22
[1] 26
[1] 0.3327329
[1] "TRUE"
[1] 20
[1] 24
[1] 0.3257939
[1] "TRUE"
[1] 21
[1] 24
[1] 0.3829959
[1] "TRUE"
[1] 14
[1] 17
[1] 0.3600501
[1] "TRUE"
[1] 29
[1] 34
[1] 0.3073275
[1] "TRUE"
[1] 31
[1] 35
[1] 0.3561154
[1] "TRUE"
[1] 27
[1] 32
[1] 0.3014616
[1] "TRUE"
[1] 15
[1] 18
[1] 0.3641662
[1] "TRUE"
[1] 18
[1] 21
[1] 0.3746293
[1] "TRUE"
[1] 13
[1] 17
[1] 0.2923324
[1] "TRUE"
[1] 15
[1] 18
[1] 0.3641662
[1] "TRUE"
[1] 17
[1] 22
[1] 0.2611987
[1] "TRUE"
[1] 10
[1] 13
[1] 0.3388197
[1] "TRUE"
[1] 10
[1] 13
[1] 0.3388197
[1] "TRUE"
[1] 12
[1] 15
[1] 0.350554
[1] "TRUE"
[1] 13
[1] 16
[1] 0.3555356
[1] "TRUE"
[1] 13
[1] 16
[1] 0.3555356
[1] "TRUE"
[1] 13
[1] 16
[1] 0.3555356
[1] "TRUE"
[1] 14
[1] 17
[1] 0.3600501
[1] "TRUE"
[1] 24
[1] 29
[1] 0.2915661
[1] "TRUE"
[1] 26
[1] 32
[1] 0.2559212
[1] "TRUE"
[1] 31
[1] 36
[1] 0.3127034
[1] "TRUE"
[1] 29
[1] 34
[1] 0.3073275
[1] "TRUE"
[1] 25
[1] 29
[1] 0.3417446
[1] "TRUE"
[1] 25
[1] 30
[1] 0.2950267
[1] "TRUE"
[1] 25
[1] 30
[1] 0.2950267
[1] "TRUE"
[1] 23
[1] 28
[1] 0.2879247
[1] "TRUE"
[1] 23
[1] 28
[1] 0.2879247
[1] "TRUE"
[1] 23
[1] 27
[1] 0.3359055
[1] "TRUE"
[1] 27
[1] 31
[1] 0.347002
[1] "TRUE"
[1] 17
[1] 22
[1] 0.2611987
[1] "TRUE"
[1] 17
[1] 20
[1] 0.3714147
[1] "TRUE"
[1] 16
[1] 19
[1] 0.3679394
[1] "TRUE"
[1] 14
[1] 18
[1] 0.2983074
[1] "TRUE"
[1] 20
[1] 25
[1] 0.2757422
[1] "TRUE"
[1] 11
[1] 14
[1] 0.345019
[1] "TRUE"
[1] 16
[1] 19
[1] 0.3679394
[1] "TRUE"
[1] 25
[1] 29
[1] 0.3417446
[1] "TRUE"
[1] 15
[1] 18
[1] 0.3641662
[1] "TRUE"
[1] 16
[1] 19
[1] 0.3679394
[1] "TRUE"
[1] 16
[1] 19
[1] 0.3679394
[1] "TRUE"
[1] 16
[1] 19
[1] 0.3679394
[1] "TRUE"
[1] 18
[1] 21
[1] 0.3746293
[1] "TRUE"
[1] 15
[1] 19
[1] 0.3037957
[1] "TRUE"
[1] 28
[1] 33
[1] 0.3044604
[1] "TRUE"
[1] 28
[1] 32
[1] 0.3494417
[1] "TRUE"
[1] 27
[1] 32
[1] 0.3014616
[1] "TRUE"
[1] 16
[1] 19
[1] 0.3679394
[1] "TRUE"
[1] 17
[1] 20
[1] 0.3714147
[1] "TRUE"
[1] 18
[1] 22
[1] 0.317914
[1] "TRUE"
[1] 19
[1] 22
[1] 0.3776143
[1] "TRUE"
[1] 25
[1] 31
[1] 0.2522019
[1] "TRUE"
[1] 27
[1] 31
[1] 0.347002
[1] "TRUE"
[1] 16
[1] 19
[1] 0.3679394
[1] "TRUE"
[1] 14
[1] 18
[1] 0.2983074
[1] "TRUE"
[1] 18
[1] 21
[1] 0.3746293
[1] "TRUE"
[1] 25
[1] 29
[1] 0.3417446
[1] "TRUE"
[1] 19
[1] 22
[1] 0.3776143
[1] "TRUE"
[1] 16
[1] 19
[1] 0.3679394
[1] "TRUE"
[1] 27
[1] 32
[1] 0.3014616
[1] "TRUE"
[1] 12
[1] 16
[1] 0.2857941
[1] "TRUE"
[1] 12
[1] 16
[1] 0.2857941
[1] "TRUE"
[1] 14
[1] 18
[1] 0.2983074
[1] "TRUE"
[1] 15
[1] 18
[1] 0.3641662
[1] "TRUE"
[1] 14
[1] 18
[1] 0.2983074
[1] "TRUE"
[1] 16
[1] 20
[1] 0.3088597
[1] "TRUE"
[1] 17
[1] 21
[1] 0.3135513
[1] "TRUE"
[1] 17
[1] 21
[1] 0.3135513
[1] "TRUE"
[1] 17
[1] 21
[1] 0.3135513
[1] "TRUE"
[1] 17
[1] 21
[1] 0.3135513
[1] "TRUE"
[1] 16
[1] 21
[1] 0.2556879
[1] "TRUE"
[1] 16
[1] 20
[1] 0.3088597
[1] "TRUE"
[1] 15
[1] 19
[1] 0.3037957
[1] "TRUE"
[1] 26
[1] 31
[1] 0.2983209
[1] "TRUE"
[1] 16
[1] 20
[1] 0.3088597
[1] "TRUE"
[1] 25
[1] 30
[1] 0.2950267
[1] "TRUE"
[1] 25
[1] 30
[1] 0.2950267
[1] "TRUE"
[1] 26
[1] 31
[1] 0.2983209
[1] "TRUE"
[1] 28
[1] 33
[1] 0.3044604
[1] "TRUE"
[1] 14
[1] 17
[1] 0.3600501
[1] "TRUE"
[1] 15
[1] 18
[1] 0.3641662
[1] "TRUE"
[1] 14
[1] 17
[1] 0.3600501
[1] "TRUE"
[1] 14
[1] 17
[1] 0.3600501
[1] "TRUE"
[1] 15
[1] 18
[1] 0.3641662
[1] "TRUE"
[1] 15
[1] 18
[1] 0.3641662
[1] "TRUE"
[1] 19
[1] 24
[1] 0.271192
[1] "TRUE"
[1] 19
[1] 24
[1] 0.271192
[1] "TRUE"
[1] 23
[1] 27
[1] 0.3359055
[1] "TRUE"
[1] 14
[1] 17
[1] 0.3600501
[1] "TRUE"
[1] 13
[1] 17
[1] 0.2923324
[1] "TRUE"
[1] 1792
[1] 1793
